0.086151
0.069493
0.073558
0.073587
0.077350
0.083571
0.073038
0.074416
0.069995
0.069925
0.072981
0.070200
0.072361
0.071532
0.071319
0.071034
0.078178
0.069272
0.071260
0.069940
0.072016
0.070109
0.070563
0.072643
0.072902
0.072318
0.071202
0.071521
0.070902
0.069801
0.073828
0.068526
0.069695
0.069437
0.071573
0.068279
0.068557
0.067942
0.069434
0.068072
0.073791
0.071910
0.075975
0.071324
0.070276
0.070148
0.072659
0.069998
0.071543
0.073078
0.078936
0.071857
0.069709
0.071449
0.074236
0.070697
0.072333
0.070931
0.077665
0.072266
0.074141
0.072003
0.073299
0.070950
0.070845
0.074920
0.071984
0.073747
0.073307
0.072715
0.071544
0.071986
0.074170
0.069658
0.069700
0.069396
0.070220
0.072224
0.089684
0.070017
0.070526
0.073390
0.070010
0.070967
0.070256
0.073928
0.071527
0.068621
0.071272
0.071551
0.071507
0.073846
0.073878
0.071087
0.071063
0.072791
0.073460
0.071144
0.079035
0.071751
0.079803
0.070807
0.077237
0.071685
0.071474
0.070913
0.078517
0.073422
0.072236
0.072842
0.072851
0.069810
0.070297
0.072983
0.073795
0.071214
0.071477
0.075405
0.072579
0.073037
0.073679
0.071701
0.076299
0.077629
0.075394
0.070902
0.070215
0.074280
0.073391
0.071699
0.076126
0.075814
0.072760
0.072562
0.072561
0.071696
0.072683
0.070689
0.072998
0.071989
0.072983
0.072457
0.073573
0.070022
0.071494
0.069688
0.070642
0.069523
0.072892
0.071306
0.072971
0.069172
0.070725
0.071632
0.074980
0.071829
0.072952
0.071179
0.075669
0.078029
0.073528
0.073317
0.073300
0.072350
0.070851
0.072424
0.071885
0.073325
0.073627
0.071418
0.073617
0.077029
0.074633
0.070452
0.072628
0.086209
0.072680
0.070764
0.072994
0.073369
0.073598
0.072547
0.073736
0.069360
0.086289
0.069257
0.071427
0.077552
0.072346
0.071138
0.070841
0.073033
0.073014
0.071243
0.070241
0.071753
0.072377
0.071119
0.074084
0.071061
0.079687
0.069212
0.073282
0.075593
0.072232
0.073482
0.084117
0.073826
0.071986
0.075192
0.070735
0.073309
0.071159
0.072911
0.072251
0.069983
0.081169
0.069085
0.071881
0.072894
0.069793
0.071357
0.070751
0.071721
0.070579
0.070666
0.072551
0.072253
0.072456
0.072376
0.079326
0.073800
0.069280
0.069532
0.069963
0.072649
0.069992
0.071184
0.070366
0.073987
0.069967
0.070662
0.070661
0.070869
0.070308
0.075501
0.069884
0.073052
0.070595
0.072766
0.071336
0.090277
0.072957
0.069641
0.073248
0.071868
0.071037
0.072745
0.072719
0.076893
0.071632
0.071583
0.070356
0.070981
0.068651
0.072718
0.074334
0.074795
0.071876
0.071094
0.071133
0.073731
0.070158
0.075401
0.068014
0.076909
0.075043
0.078410
0.072825
0.074365
0.071554
0.071769
0.069780
0.077539
0.078199
0.074065
0.072017
0.073825
0.069975
0.076993
0.077747
0.071065
0.068691
0.073123
0.068900
0.071461
0.071502
0.069487
0.070237
0.073741
0.071205
0.070132
0.072540
0.072374
0.069690
0.070717
0.071057
0.076477
0.071954
0.070624
0.070854
0.075718
0.071474
0.071613
0.073798
0.072517
0.071021
0.074919
0.071004
0.073817
0.072383
0.078215
0.074170
0.069146
0.075369
0.087515
0.077435
0.069350
0.069409
0.071584
0.080284
0.072799
0.070601
0.080976
0.069690
0.072221
0.072975
0.075749
0.071247
0.071854
0.070198
0.074318
0.071712
0.068734
0.070126
0.069612
0.072556
0.069665
0.070136
0.074984
0.072298
0.082902
0.073752
0.074228
0.071072
0.072405
0.071361
0.070970
0.070224
0.072567
0.070885
0.073940
0.071359
0.074290
0.071549
0.074346
0.074579
0.072782
0.069754
0.071537
0.070793
0.081512
0.075012
0.073882
0.070733
0.071894
0.071378
0.080339
0.075244
0.074126
0.090853
0.073897
0.071182
0.077298
0.068698
0.092174
0.069170
0.071047
0.069843
0.069489
0.071644
0.073055
0.069931
0.070598
0.086169
0.071684
0.076198
0.090441
0.079577
0.077433
0.072279
0.071917
0.073499
0.076259
0.071395
0.071978
0.081418
0.073920
0.073181
0.071088
0.073147
0.074395
0.072393
0.070341
0.069973
0.072184
0.068816
0.070230
0.070518
0.073838
0.080968
0.070625
0.074654
0.073557
0.070730
0.071959
0.072461
0.074697
0.073456
0.074375
0.073595
0.073620
0.069967
0.072803
0.072652
0.071696
0.070430
0.076665
0.071537
0.070097
0.068022
0.067992
0.069451
0.073221
0.077781
0.075629
0.077009
0.076038
0.072580
0.072813
0.072371
0.072382
0.074405
0.073991
0.071329
0.070226
0.072841
0.070114
0.076386
0.073818
0.073425
0.071635
0.072535
0.082239
0.076495
0.071162
0.079324
0.075015
0.077790
0.071654
0.071347
0.069640
0.073943
0.070006
0.074272
0.073614
0.071478
0.071593
0.074588
0.078196
0.075659
0.073138
0.074634
0.077662
0.070657
0.071626
0.072227
0.074682
0.072780
0.070862
0.071946
0.074445
0.070329
0.071353
0.070249
0.071598
0.070875
0.069746
0.072641
0.070850
0.076023
0.071023
0.072420
0.071461
0.083168
0.072208
0.072873
0.068175
0.070130
0.069686
0.071336
0.068872
0.071710
0.070267
0.073883
0.069432
0.072992
0.069672
0.071415
0.072117
0.073710
0.069731
0.070378
0.073303
0.071977
0.074788
0.070179
0.072240
0.073022
0.069229
0.071907
0.069909
0.072784
0.073534
0.081427
0.077802
0.072000
0.075477
0.074854
0.069456
0.087286
0.072756
0.076530
0.071786
0.070047
0.069148
0.070431
0.068988
0.073172
0.071444
0.074080
0.072737
0.070975
0.069467
0.070241
0.069344
0.073113
0.069753
0.070831
0.072248
0.072358
0.071174
0.069760
0.070061
0.072842
0.071648
0.073753
0.068416
0.071178
0.071475
0.074711
0.072838
0.074114
0.068979
0.071779
0.069288
0.071846
0.073403
0.086559
0.072764
0.071955
0.073025
0.074133
0.072074
0.071000
0.070126
0.072802
0.085971
0.076231
0.072472
0.074706
0.069815
0.071510
0.071843
0.073820
0.069095
0.069583
0.070461
0.073734
0.070985
0.072473
0.072732
0.085220
0.070323
0.077225
0.069453
0.072182
0.072148
0.072092
0.071666
0.074897
0.080873
0.070960
0.068562
0.069967
0.069095
0.072402
0.071344
0.072768
0.070190
0.073516
0.072290
0.074387
0.070684
0.073302
0.073003
0.074529
0.073687
0.077317
0.073861
0.073451
0.072019
0.071640
0.069566
0.079673
0.072126
0.072184
0.071164
0.071788
0.072596
0.072982
0.069282
0.073666
0.070366
0.070778
0.069573
0.071786
0.071140
0.073225
0.069928
0.073465
0.074501
0.072654
0.077253
0.075654
0.071676
0.069627
0.073624
0.073472
0.075878
0.082426
0.070719
0.072090
0.075277
0.077268
0.073099
0.075558
0.075948
0.076474
0.074588
0.074523
0.073921
0.072524
0.070892
0.087091
0.071236
0.081005
0.072225
0.070115
0.070785
0.072766
0.074459
0.087279
0.072545
0.075052
0.084761
0.082465
0.071255
0.076354
0.078234
0.103227
0.076209
0.074294
0.071453
0.079979
0.070632
0.073616
0.069505
0.072951
0.073690
0.070166
0.071692
0.071367
0.072062
0.075063
0.071719
0.070284
0.069388
0.076425
0.071357
0.069856
0.071515
0.071364
0.072069
0.071487
0.070890
0.075918
0.075722
0.073687
0.071174
0.072675
0.068946
0.072533
0.069890
0.073034
0.071471
0.075313
0.071759
0.072942
0.074528
0.071250
0.071415
0.071626
0.071905
0.073690
0.076745
0.073657
0.069994
0.070730
0.072490
0.072289
0.073349
0.075066
0.071915
0.081315
0.072056
0.073074
0.070161
0.074074
0.077318
0.071394
0.069940
0.071310
0.074029
0.070881
0.073251
0.073123
0.071894
0.072976
0.073449
0.070786
0.081721
0.081789
0.075255
0.074495
0.071775
0.072550
0.070984
0.071798
0.073324
0.069040
0.071793
0.072398
0.071441
0.075012
0.072164
0.071604
0.074385
0.081132
0.073265
0.071044
0.070737
0.072098
0.072039
0.073456
0.069675
0.071469
0.071836
0.076048
0.071006
0.073573
0.071957
0.073469
0.071379
0.073847
0.071133
0.074449
0.072613
0.071418
0.069873
0.075399
0.074624
0.071866
0.079747
0.075221
0.074710
0.070454
0.070781
0.069280
0.072660
0.071306
0.070335
0.072672
0.070326
0.069602
0.071413
0.079169
0.070851
0.070976
0.074072
0.076321
0.072704
0.090877
0.072593
0.073849
0.073487
0.074768
0.074259
0.072578
0.072155
0.072361
0.069419
0.072547
0.070756
0.071903
0.073316
0.067711
0.069913
0.073371
0.073254
0.088657
0.070480
0.069563
0.070156
0.072740
0.070395
0.071503
0.072231
0.069292
0.070094
0.071453
0.071741
0.073783
0.074013
0.073363
0.068343
0.072827
0.077430
0.072813
0.073604
0.071458
0.076954
0.074763
0.071020
0.077448
0.078750
0.076963
0.071509
0.072977
0.070242
0.070927
0.072815
0.072205
0.073809
0.070524
0.085942
0.072075
0.072485
0.069864
0.071309
0.070417
0.070607
0.072139
0.070347
0.080311
0.069015
0.069848
0.070266
0.071954
0.074197
0.082751
0.072498
0.073633
0.072210
0.072263
0.070366
0.073831
0.074074
0.074513
0.074418
0.074302
0.089151
0.073000
0.070052
0.072686
0.073021
0.071282
0.071327
0.070801
0.074191
0.074755
0.071969
0.076039
0.069738
0.071874
0.072524
0.072578
0.088837
0.089509
0.074533
0.072069
0.073461
0.075577
0.074634
0.077529
0.073244
0.076622
0.077167
0.072936
0.089669
0.074453
0.070532
0.070339
0.070945
0.077531
0.084667
0.069365
0.075941
0.074607
0.070084
0.073523
0.074487
0.069118
0.072630
0.079350
0.073099
0.074811
0.072625
0.070859
0.079916
0.076761
0.074736
0.072671
0.072872
0.075281
0.073928
0.072605
0.072149
0.071114
0.074723
0.074551
0.074938
0.072546
0.070139
0.071537
0.071856
0.073573
0.078363
0.071051
0.073257
0.074065
0.071128
0.071562
0.072473
0.071024
0.071556
0.071243
0.073278
0.072783
0.074612
0.077686
0.073782
0.073654
0.070022
0.073003
0.073910
0.073585
0.074917
0.071018
0.072458
0.072943
0.072346
0.074127
0.074964
0.074182
0.072156
0.071455
0.073846
0.076271
0.071562
