0.046315
0.022310
0.024194
0.017291
0.017450
0.016941
0.017372
0.016989
0.022404
0.020147
0.015661
0.019223
0.019385
0.019343
0.016175
0.016347
0.016639
0.016511
0.017358
0.018287
0.017946
0.018039
0.015901
0.016558
0.016741
0.016256
0.016299
0.016140
0.016191
0.016378
0.016715
0.016842
0.016782
0.014965
0.018128
0.017505
0.019988
0.019741
0.017665
0.017238
0.017720
0.017238
0.017860
0.018255
0.017732
0.017813
0.017691
0.017754
0.017754
0.017824
0.017801
0.017750
0.017734
0.017835
0.019369
0.019073
0.015641
0.015762
0.017253
0.017199
0.016200
0.015834
0.017044
0.015612
0.016776
0.018950
0.018965
0.019244
0.018942
0.019008
0.018985
0.018940
0.019427
0.016803
0.016773
0.017210
0.017172
0.017415
0.017046
0.016240
0.016494
0.016471
0.018287
0.017649
0.016461
0.016818
0.016247
0.017764
0.017740
0.017998
0.017787
0.016180
0.017743
0.017927
0.017715
0.018118
0.017028
0.019391
0.017566
0.020503
0.017895
0.017913
0.016147
0.016968
0.018817
0.018202
0.018154
0.018032
0.027092
0.017916
0.018162
0.018349
0.021200
0.016776
0.016697
0.016721
0.016758
0.017617
0.016778
0.016763
0.016742
0.016645
0.017273
0.018283
0.020321
0.020118
0.020124
0.020160
0.017670
0.017307
0.016207
0.016426
0.017597
0.017121
0.017998
0.017240
0.018252
0.018308
0.016406
0.017173
0.017595
0.017151
0.017317
0.017936
0.019009
0.018228
0.017494
0.019110
0.016269
0.016366
0.016399
0.016748
0.016840
0.016166
0.016863
0.017481
0.016888
0.019236
0.017340
0.017121
0.017143
0.017158
0.017251
0.017179
0.017742
0.017185
0.017208
0.017204
0.017167
0.017131
0.017173
0.017228
0.017102
0.017161
0.017199
0.017205
0.017742
0.018362
0.018307
0.018156
0.016692
0.020931
0.019126
0.015952
0.019063
0.015878
0.016156
0.019827
0.020080
0.020023
0.020107
0.020359
0.017911
0.018498
0.018469
0.016235
0.016454
0.016398
0.018985
0.018023
0.017659
0.016369
0.016496
0.016326
0.018958
0.020863
0.020764
0.020618
0.018099
0.018066
0.016320
0.016290
0.016249
0.016148
0.017165
0.017244
0.020524
0.019173
0.018855
0.018808
0.018812
0.018787
0.018770
0.018797
0.016575
0.016774
0.018223
0.017639
0.017547
0.017614
0.017388
0.015744
0.019416
0.021267
0.021275
0.021902
0.021421
0.021348
0.018509
0.016126
0.017052
0.016945
0.017379
0.017313
0.017455
0.017564
0.017428
0.017442
0.015649
0.017528
0.016306
0.018571
0.018422
0.017985
0.016534
0.018993
0.017445
0.017866
0.015819
0.018642
0.018617
0.016223
0.016469
0.016079
0.016884
0.016000
0.016472
0.017097
0.017873
0.016513
0.016971
0.016181
0.016474
0.016993
0.017946
0.018022
0.018188
0.017974
0.018524
0.017993
0.018049
0.015290
0.016541
0.016199
0.016234
0.016312
0.016657
0.016159
0.017471
0.017385
0.017775
0.019248
0.017174
0.017196
0.015006
0.017475
0.016959
0.017549
0.020406
0.015950
0.015833
0.016345
0.016224
0.017553
0.018978
0.018909
0.018876
0.018970
0.016773
0.016908
0.016710
0.016729
0.016689
0.016739
0.017829
0.017500
0.017663
0.015241
0.019665
0.015677
0.018658
0.018616
0.015338
0.017447
0.017338
0.017174
0.023339
0.019345
0.017671
0.015785
0.016808
0.015315
0.018231
0.016890
0.017053
0.017411
0.016286
0.016601
0.016840
0.019219
0.019019
0.019703
0.019127
0.019799
0.019128
0.019210
0.016873
0.017356
0.016903
0.016880
0.015239
0.018425
0.019136
0.019239
0.019271
0.019523
0.019034
0.017270
0.016916
0.016883
0.016984
0.018387
0.018655
0.018472
0.020020
0.016308
0.016381
0.017116
0.016640
0.016213
0.017777
0.017804
0.017021
0.017642
0.016854
0.016975
0.017161
0.016064
0.016614
0.017209
0.017924
0.017378
0.015797
0.017626
0.017588
0.017198
0.016962
0.017237
0.016998
0.016944
0.017047
0.017272
0.017028
0.016546
0.015937
0.017112
0.015968
0.017921
0.016586
0.020354
0.020008
0.018166
0.018161
0.018148
0.018201
0.015297
0.017077
0.016471
0.018124
0.020308
0.016149
0.016063
0.018672
0.018820
0.018703
0.018720
0.016525
0.016608
0.016550
0.016565
0.016653
0.016694
0.016507
0.016471
0.016455
0.016653
0.017423
0.017593
0.017564
0.017599
0.017564
0.017507
0.018041
0.019350
0.017015
0.017027
0.017564
0.021037
0.017232
0.018473
0.016823
0.016752
0.016748
0.016761
0.018470
0.017841
0.016584
0.016397
0.016763
0.016653
0.019714
0.020834
0.018306
0.018399
0.018589
0.018330
0.018214
0.017388
0.016677
0.017327
0.016687
0.018393
0.018887
0.016203
0.017771
0.017972
0.017693
0.018258
0.017688
0.017209
0.017232
0.017238
0.018303
0.019949
0.020187
0.020700
0.016934
0.016611
0.018915
0.016428
0.017172
0.017248
0.017246
0.016960
0.018294
0.020840
0.021025
0.020926
0.018749
0.016778
0.018164
0.016570
0.017657
0.021452
0.017242
0.017586
0.017166
0.018017
0.018230
0.018168
0.016161
0.017774
0.018580
0.018679
0.019014
0.018555
0.018668
0.026571
0.016879
0.018492
0.018352
0.017434
0.016266
0.017254
0.015716
0.016426
0.016763
0.017984
0.018487
0.016136
0.016393
0.016059
0.017124
0.016722
0.018609
0.018586
0.015637
0.018131
0.018070
0.018076
0.018043
0.017993
0.017963
0.016199
0.015917
0.018540
0.019704
0.019272
0.019447
0.019240
0.020159
0.016918
0.015982
0.022605
0.019237
0.022022
0.016445
0.017524
0.016577
0.016400
0.016565
0.016661
0.017987
0.016075
0.016263
0.016207
0.016189
0.016963
0.016355
0.017486
0.017477
0.017444
0.017384
0.017868
0.017482
0.017883
0.017794
0.017442
0.017440
0.017911
0.017417
0.016747
0.015853
0.017162
0.016440
0.017179
0.017353
0.016892
0.016964
0.017408
0.017102
0.022364
0.021084
0.020506
0.017974
0.017986
0.018270
0.016522
0.016148
0.015677
0.018094
0.017273
0.018196
0.018391
0.016600
0.016459
0.016545
0.016354
0.017296
0.017309
0.017819
0.017358
0.017378
0.015281
0.019713
0.019760
0.017475
0.016139
0.016212
0.017173
0.017088
0.016910
0.016790
0.017051
0.017364
0.017872
0.017449
0.019361
0.021463
0.017862
0.016456
0.016713
0.018996
0.018812
0.016849
0.016785
0.016701
0.016782
0.016177
0.017894
0.015911
0.016289
0.017615
0.017345
0.017756
0.015437
0.016477
0.016184
0.017254
0.017282
0.019762
0.017343
0.017364
0.017362
0.017368
0.017297
0.017698
0.016523
0.016557
0.016562
0.016503
0.016588
0.016461
0.016516
0.021393
0.018060
0.019876
0.016464
0.014918
0.018360
0.014946
0.017047
0.015784
0.015989
0.015580
0.015674
0.016720
0.016507
0.016502
0.015191
0.015251
0.015756
0.015402
0.015378
0.015408
0.018574
0.018119
0.018182
0.018121
0.016044
0.016155
0.016094
0.016104
0.016081
0.016007
0.016912
0.017122
0.017121
0.017063
0.017014
0.017032
0.017039
0.017055
0.017167
0.016414
0.018905
0.019875
0.017044
0.017236
0.017098
0.017005
0.017197
0.017870
0.018170
0.017873
0.017976
0.017951
0.018406
0.018002
0.015522
0.018430
0.017418
0.017950
0.017718
0.017461
0.017817
0.017687
0.017418
0.017575
0.015661
0.016957
0.016868
0.017469
0.017149
0.017123
0.017360
0.017407
0.017426
0.017541
0.017401
0.018475
0.019042
0.016994
0.017787
0.019292
0.015803
0.016587
0.016710
0.016889
0.015702
0.017248
0.018224
0.016072
0.016545
0.017413
0.017855
0.016389
0.018012
0.018366
0.017946
0.016075
0.016300
0.016922
0.016833
0.016826
0.016579
0.016493
0.016467
0.016970
0.016999
0.017072
0.016995
0.017060
0.017053
0.017136
0.016942
0.017102
0.017595
0.017194
0.021952
0.022083
0.018807
0.018858
0.016455
0.016825
0.017034
0.017032
0.015337
0.018519
0.016621
0.016546
0.016520
0.016737
0.016519
0.016785
0.016504
0.016478
0.016371
0.015962
0.016181
0.015691
0.016201
0.018747
0.016862
0.016743
0.015779
0.016369
0.016061
0.015925
0.016625
0.018143
0.018199
0.018120
0.018107
0.018416
0.018082
0.019004
0.016313
0.017313
0.017243
0.016551
0.018285
0.017628
0.017728
0.017776
0.016012
0.018874
0.019389
0.017101
0.017798
0.018228
0.015498
0.017208
0.017656
0.016940
0.016712
0.016819
0.016990
0.016773
0.017342
0.017083
0.016071
0.017571
0.017760
0.017750
0.017833
0.017669
0.016173
0.016729
0.016317
0.017723
0.017943
0.020155
0.017657
0.020319
0.016410
0.016409
0.019129
0.019697
0.017331
0.017240
0.017216
0.017282
0.019997
0.016861
0.016672
0.016323
0.018355
0.016351
0.018301
0.015941
0.018159
0.016316
0.018255
0.018890
0.018183
0.018179
0.018214
0.018224
0.018229
0.018160
0.018168
0.017917
0.016304
0.016676
0.016774
0.016600
0.017624
0.017734
0.019800
0.018721
0.019142
0.016575
0.018267
0.016347
0.016757
0.017749
0.020623
0.017643
0.018158
0.017614
0.017854
0.018155
0.017688
0.017739
0.018140
0.017655
0.018241
0.017755
0.017694
0.018259
0.017620
0.017631
0.017678
0.017705
0.016310
0.018874
0.018864
0.019051
0.018799
0.018887
0.018786
0.015932
0.015978
0.016905
0.018834
0.018496
0.018863
0.016370
0.016723
0.014818
0.017021
0.015046
0.017151
0.015937
0.016737
0.015356
0.015924
0.015936
0.015854
0.016664
0.016385
0.016386
0.016187
0.016060
0.016669
0.019151
0.019115
0.016755
0.016716
0.016130
0.017110
0.017913
0.017943
0.018462
0.017917
0.018325
0.016133
0.015984
0.015829
0.015822
0.015566
0.017925
0.019614
0.016111
0.015722
0.016891
0.016475
0.016001
0.016598
0.016399
0.015243
0.015961
0.015988
0.015842
0.016286
0.015194
0.019807
0.019777
0.017961
0.017523
0.017718
0.017431
0.017379
0.017563
0.017489
0.017403
0.015826
0.025160
0.024357
0.018544
0.016189
0.018469
0.020007
0.016156
0.016414
0.015775
0.018489
0.017892
0.026556
0.017742
0.016878
0.017149
0.017289
0.016957
0.016229
0.016299
0.016410
0.016734
0.017691
0.021181
0.018651
0.018830
