0.056691
0.061921
0.056343
0.060696
0.055468
0.058359
0.058264
0.055008
0.062533
0.057767
0.055999
0.056571
0.053928
0.060674
0.056942
0.056708
0.055385
0.057472
0.055864
0.061789
0.063620
0.059930
0.057759
0.059076
0.055551
0.056959
0.055321
0.056748
0.055673
0.058234
0.057549
0.060144
0.060551
0.056644
0.055859
0.055957
0.055461
0.056483
0.055485
0.056826
0.055667
0.056957
0.055600
0.058451
0.064203
0.058647
0.057042
0.062358
0.055776
0.057693
0.054398
0.055687
0.053980
0.057555
0.053562
0.056595
0.058183
0.056171
0.055093
0.057867
0.054287
0.054396
0.054002
0.055755
0.053626
0.055470
0.055200
0.058530
0.061331
0.056581
0.056677
0.059140
0.055133
0.061447
0.057686
0.056641
0.054978
0.059708
0.057179
0.057661
0.062994
0.055357
0.058260
0.056510
0.055737
0.057065
0.055056
0.060721
0.057399
0.055617
0.056883
0.061697
0.059835
0.055978
0.055277
0.057346
0.054234
0.056075
0.057596
0.055699
0.054636
0.056671
0.054347
0.059448
0.058133
0.055679
0.056735
0.055161
0.055204
0.055501
0.054412
0.056049
0.055667
0.055417
0.055538
0.058195
0.060198
0.055238
0.062201
0.058202
0.056796
0.057766
0.056935
0.060164
0.056728
0.057859
0.060991
0.069013
0.079347
0.061173
0.056049
0.059033
0.056106
0.061138
0.055321
0.059116
0.055541
0.062196
0.057991
0.060450
0.055739
0.056056
0.055964
0.059993
0.056433
0.063275
0.056657
0.063114
0.059285
0.057825
0.062274
0.061281
0.056112
0.057654
0.058498
0.058530
0.057073
0.057495
0.056872
0.057512
0.060354
0.058090
0.062996
0.057149
0.057931
0.058141
0.057215
0.056728
0.056185
0.057912
0.057146
0.057128
0.055168
0.057965
0.060546
0.063349
0.055794
0.056465
0.058450
0.058007
0.056680
0.056183
0.055964
0.062221
0.058475
0.073613
0.055546
0.056732
0.055073
0.056445
0.054460
0.056593
0.054471
0.056467
0.055232
0.056322
0.054523
0.060691
0.060200
0.055986
0.055009
0.056005
0.057613
0.059176
0.054424
0.057536
0.053736
0.056496
0.054122
0.059079
0.058614
0.055602
0.058165
0.056508
0.055487
0.056977
0.054781
0.056961
0.055122
0.055730
0.054298
0.061442
0.064116
0.055586
0.054403
0.056815
0.053563
0.055417
0.058751
0.054984
0.056729
0.055029
0.054146
0.058190
0.056891
0.056003
0.055298
0.056800
0.058322
0.056958
0.054942
0.056674
0.054703
0.056308
0.054671
0.057909
0.060539
0.056868
0.055501
0.056705
0.054456
0.060356
0.056913
0.055036
0.053797
0.057764
0.054944
0.058371
0.058397
0.056548
0.056170
0.058617
0.058682
0.059271
0.065891
0.057960
0.064929
0.064179
0.057455
0.062340
0.060450
0.056196
0.056478
0.057824
0.056250
0.057181
0.058937
0.059217
0.055891
0.064406
0.056530
0.062340
0.055308
0.057315
0.053788
0.059028
0.056384
0.056149
0.055731
0.059081
0.059914
0.059150
0.062341
0.058300
0.057151
0.058178
0.055912
0.059924
0.057528
0.056533
0.063717
0.061430
0.062572
0.059724
0.062975
0.062063
0.055624
0.057830
0.055170
0.058951
0.054984
0.058424
0.056004
0.056961
0.056206
0.057247
0.071870
0.057729
0.055880
0.061974
0.058067
0.057899
0.058205
0.058392
0.059401
0.058719
0.058704
0.060809
0.063829
0.059852
0.057060
0.057758
0.057000
0.057522
0.056721
0.057777
0.055956
0.056641
0.058654
0.064457
0.055744
0.056265
0.055766
0.056360
0.055063
0.055963
0.057570
0.056400
0.055507
0.059536
0.060318
0.063437
0.055344
0.057077
0.054536
0.061453
0.056163
0.056640
0.055235
0.056458
0.056077
0.058530
0.062955
0.063947
0.056342
0.061606
0.059131
0.059658
0.056290
0.058633
0.055761
0.057064
0.065011
0.063370
0.066302
0.066256
0.060937
0.065025
0.061126
0.061367
0.057369
0.056997
0.057254
0.057291
0.058587
0.069000
0.056404
0.060071
0.056957
0.058238
0.059384
0.061246
0.060437
0.058947
0.060770
0.064117
0.075443
0.063395
0.055749
0.057887
0.057886
0.056927
0.063091
0.064517
0.065203
0.063048
0.061160
0.075029
0.061743
0.059875
0.058381
0.059836
0.074158
0.066059
0.057500
0.056749
0.058979
0.060507
0.067580
0.060604
0.057208
0.059191
0.056729
0.062210
0.086446
0.071375
0.071352
0.060086
0.057657
0.063430
0.066085
0.062158
0.058592
0.057074
0.058479
0.058322
0.055545
0.059291
0.056356
0.055616
0.055486
0.064566
0.055222
0.055413
0.054035
0.067534
0.056485
0.056378
0.053879
0.057352
0.058652
0.059659
0.063037
0.063222
0.060364
0.062198
0.057637
0.061478
0.060846
0.066465
0.060195
0.061844
0.060926
0.069099
0.058943
0.065902
0.056528
0.057806
0.060625
0.058323
0.056258
0.065234
0.061159
0.066986
0.062125
0.064495
0.057764
0.058164
0.056360
0.061949
0.058301
0.059409
0.058182
0.059373
0.055828
0.060656
0.061410
0.059543
0.064919
0.058084
0.059220
0.058573
0.056584
0.074616
0.074348
0.059493
0.058980
0.067198
0.055929
0.056958
0.056875
0.056251
0.058627
0.059409
0.060174
0.059311
0.056007
0.057518
0.059252
0.065802
0.059990
0.058171
0.054576
0.061322
0.056704
0.058512
0.056490
0.057747
0.059734
0.058181
0.063980
0.062232
0.057168
0.058401
0.057495
0.062041
0.080950
0.084108
0.064414
0.061527
0.061322
0.060893
0.059329
0.063779
0.055988
0.057802
0.056121
0.057660
0.060790
0.060138
0.057424
0.058957
0.063489
0.059476
0.056704
0.056068
0.055749
0.056835
0.054927
0.057559
0.053682
0.054805
0.055628
0.058284
0.059797
0.056114
0.055108
0.057989
0.053719
0.061492
0.055506
0.059536
0.055419
0.056371
0.055570
0.057256
0.065105
0.056772
0.054793
0.057472
0.053921
0.060721
0.055184
0.061253
0.060211
0.056011
0.054745
0.056529
0.059889
0.058024
0.056906
0.056278
0.055453
0.058929
0.055980
0.061592
0.056407
0.058797
0.058347
0.059554
0.060313
0.057170
0.063282
0.060093
0.056837
0.058075
0.059244
0.059837
0.063566
0.060248
0.065388
0.066603
0.063964
0.069285
0.060069
0.065419
0.058054
0.058790
0.056802
0.059867
0.057588
0.059369
0.064399
0.061442
0.055640
0.057812
0.055255
0.058567
0.058160
0.062668
0.061138
0.058541
0.056684
0.069258
0.060994
0.057053
0.055879
0.057722
0.058784
0.061131
0.056898
0.064714
0.057901
0.058673
0.061406
0.066341
0.058913
0.059322
0.059553
0.059635
0.056851
0.062229
0.059161
0.057893
0.056853
0.060579
0.061509
0.063305
0.057061
0.058592
0.056526
0.060485
0.058232
0.059150
0.059656
0.061928
0.057243
0.061738
0.065908
0.064401
0.056114
0.060650
0.055774
0.057499
0.056254
0.059283
0.059651
0.057127
0.057287
0.062250
0.057751
0.059841
0.062711
0.060704
0.058107
0.058546
0.056432
0.057942
0.056157
0.056948
0.056067
0.071815
0.055113
0.056775
0.055606
0.057570
0.056023
0.056728
0.054729
0.060118
0.056269
0.059938
0.056965
0.060343
0.058657
0.058864
0.056230
0.060145
0.060412
0.061505
0.065177
0.058994
0.058166
0.065837
0.066235
0.061404
0.057909
0.061066
0.060424
0.059926
0.057584
0.061189
0.058434
0.060143
0.056716
0.079350
0.058639
0.064516
0.060060
0.065805
0.056445
0.058027
0.057606
0.056231
0.055399
0.061127
0.066464
0.079430
0.073193
0.061531
0.062665
0.058895
0.056693
0.057756
0.061471
0.060974
0.058581
0.066890
0.060275
0.058011
0.055217
0.059294
0.061489
0.069613
0.059602
0.059808
0.063437
0.056804
0.067743
0.062585
0.061698
0.058667
0.059532
0.060580
0.057860
0.055855
0.057368
0.058571
0.056821
0.059847
0.062291
0.058046
0.060190
0.058113
0.062316
0.063540
0.060128
0.062509
0.063172
0.056473
0.055958
0.058742
0.057992
0.056569
0.056864
0.059039
0.058260
0.056785
0.057366
0.057947
0.066819
0.063974
0.057977
0.062032
0.058472
0.054822
0.062837
0.055529
0.055582
0.054459
0.056898
0.057411
0.056510
0.057087
0.058833
0.064633
0.064169
0.088273
0.059137
0.059177
0.060421
0.059223
0.061087
0.059950
0.059237
0.062084
0.058172
0.063178
0.073043
0.064366
0.060522
0.064972
0.058727
0.060208
0.060209
0.060161
0.060165
0.067566
0.059751
0.058934
0.063228
0.073976
0.058394
0.068878
0.062185
0.060652
0.061542
0.066526
0.063044
0.063971
0.058778
0.061383
0.065902
0.057986
0.057099
0.056101
0.056253
0.060049
0.062709
0.061444
0.059433
0.062160
0.082418
0.078703
0.070243
0.059680
0.068294
0.061045
0.061742
0.064036
0.058749
0.066246
0.058801
0.058161
0.059194
0.060517
0.056799
0.057808
0.063889
0.059427
0.065715
0.056360
0.059565
0.056013
0.056698
0.054882
0.056708
0.057589
0.059016
0.058984
0.057449
0.061538
0.061652
0.055399
0.062958
0.061773
0.058186
0.059829
0.057361
0.057831
0.056809
0.064075
0.059376
0.068698
0.058648
0.056892
0.057627
0.060110
0.056517
0.055579
0.055594
0.061230
0.056008
0.055216
0.058537
0.061320
0.055817
0.061470
0.055868
0.056387
0.062444
0.059245
0.064420
0.061703
0.063088
0.058320
0.064797
0.061975
0.059876
0.058341
0.058108
0.057861
0.066166
0.065749
0.065823
0.066156
0.068016
0.069648
0.061543
0.056744
0.057749
0.066514
0.063274
0.057635
0.057005
0.055574
0.059617
0.063997
0.065194
0.059438
0.060625
0.057318
0.058003
0.057724
0.056499
0.057131
0.057142
0.056282
0.056510
0.058624
0.060652
0.075156
0.060048
0.057480
0.056286
0.057186
0.055527
0.056066
0.055804
0.064629
0.059456
0.078775
0.059164
0.056617
0.060127
0.057128
0.060931
0.057704
0.058036
0.060381
0.057769
0.060560
0.063296
0.060109
0.070209
0.068876
0.070938
0.069107
0.075998
0.072932
0.064432
0.059488
0.065360
0.071713
0.067327
0.058178
0.058233
0.063567
0.062737
0.059160
0.058650
0.055156
0.059852
0.060353
0.059691
0.060018
0.058703
0.066347
0.064110
0.056710
0.056906
0.058375
0.056394
0.058607
0.062709
0.061791
0.055452
0.058510
0.062846
0.059792
