0.023238
0.018350
0.018476
0.017628
0.027142
0.018175
0.017090
0.018090
0.018118
0.019636
0.021640
0.018929
0.016889
0.018191
0.018456
0.018259
0.017659
0.018282
0.018175
0.018501
0.018768
0.015912
0.018320
0.018417
0.018396
0.020714
0.017977
0.017549
0.018280
0.017567
0.016494
0.018280
0.015906
0.017325
0.016132
0.017029
0.017017
0.018144
0.016889
0.017108
0.016741
0.018314
0.018087
0.018426
0.018118
0.018021
0.018621
0.018043
0.017627
0.017047
0.016674
0.016923
0.017103
0.016193
0.017695
0.016781
0.017206
0.017042
0.016686
0.017388
0.018155
0.021345
0.017780
0.017507
0.016487
0.018595
0.019272
0.018653
0.017139
0.017193
0.017282
0.017356
0.017177
0.018304
0.015909
0.017786
0.017852
0.016519
0.017833
0.017461
0.016589
0.016995
0.016783
0.017753
0.016986
0.018105
0.017671
0.022169
0.017366
0.018125
0.017723
0.018300
0.017501
0.016464
0.018040
0.017122
0.018399
0.019552
0.019478
0.022216
0.017358
0.017219
0.019491
0.019358
0.019496
0.017977
0.017978
0.018192
0.016427
0.018785
0.020697
0.020113
0.017050
0.017873
0.017632
0.017553
0.017400
0.017514
0.017463
0.017467
0.017654
0.017487
0.017426
0.018401
0.017471
0.017808
0.016246
0.018391
0.018648
0.018809
0.018554
0.018541
0.019890
0.019308
0.017866
0.017448
0.016828
0.018117
0.020017
0.017474
0.017757
0.016483
0.016913
0.017072
0.017804
0.017499
0.017384
0.016988
0.016444
0.017239
0.017242
0.016712
0.018765
0.019773
0.016179
0.017246
0.016951
0.016760
0.017747
0.016639
0.019621
0.019996
0.019825
0.017885
0.017939
0.016572
0.017685
0.016879
0.018892
0.021708
0.020898
0.016642
0.018573
0.017076
0.017817
0.018585
0.016388
0.018432
0.017443
0.019979
0.016684
0.018910
0.016951
0.017371
0.018933
0.018982
0.018930
0.019348
0.018870
0.019450
0.018817
0.017208
0.016894
0.019730
0.018839
0.018940
0.018837
0.017112
0.017188
0.020278
0.020185
0.020089
0.020129
0.021135
0.021627
0.019966
0.016246
0.017895
0.016838
0.019120
0.017498
0.016795
0.017997
0.018298
0.016739
0.018084
0.019007
0.018517
0.019326
0.019997
0.020003
0.020127
0.019990
0.020070
0.020098
0.020450
0.017553
0.017357
0.016852
0.016820
0.016866
0.016895
0.019412
0.019366
0.018095
0.016825
0.017943
0.018714
0.020389
0.022100
0.019338
0.017126
0.017313
0.018205
0.018352
0.018222
0.018226
0.018223
0.018148
0.018363
0.018359
0.018181
0.018012
0.017064
0.016901
0.018713
0.017014
0.018242
0.018344
0.018181
0.018531
0.018239
0.018762
0.018156
0.018251
0.018226
0.018470
0.019497
0.016828
0.017688
0.017513
0.018819
0.021687
0.020570
0.021145
0.021037
0.018517
0.017185
0.017394
0.017737
0.018268
0.017332
0.019236
0.016625
0.019829
0.018665
0.016860
0.020892
0.016738
0.017305
0.018334
0.017975
0.016821
0.018117
0.017095
0.018107
0.018397
0.017250
0.019050
0.019117
0.019656
0.019085
0.018001
0.016224
0.017763
0.017557
0.017191
0.019128
0.020038
0.019684
0.020695
0.019422
0.021362
0.021093
0.017616
0.016991
0.017200
0.017077
0.018412
0.016929
0.018404
0.019740
0.017027
0.017011
0.020810
0.020794
0.020795
0.016347
0.017259
0.018109
0.016818
0.018318
0.018077
0.017183
0.017655
0.017240
0.017729
0.017192
0.017223
0.017159
0.017570
0.018439
0.017867
0.021029
0.022626
0.019211
0.018837
0.018422
0.017230
0.017333
0.016693
0.017621
0.017704
0.017328
0.017426
0.016925
0.017064
0.020262
0.019253
0.017092
0.016945
0.018035
0.017105
0.016567
0.019792
0.018888
0.016469
0.017148
0.017055
0.017487
0.018005
0.016083
0.017486
0.016679
0.016681
0.017266
0.017396
0.017727
0.017399
0.017368
0.020805
0.020853
0.021458
0.019233
0.019087
0.019277
0.019044
0.019265
0.019287
0.019002
0.019081
0.018510
0.018594
0.017915
0.016609
0.017499
0.017610
0.017430
0.017580
0.017964
0.017181
0.017241
0.016227
0.018911
0.016513
0.016691
0.017026
0.020162
0.018473
0.019759
0.019679
0.016155
0.017258
0.016195
0.018476
0.022059
0.021179
0.016587
0.018083
0.018077
0.018001
0.017925
0.017923
0.018447
0.017937
0.018022
0.018192
0.017954
0.017950
0.018426
0.017260
0.019669
0.018992
0.017094
0.017168
0.017097
0.017928
0.017148
0.017974
0.018562
0.018509
0.018459
0.018883
0.018894
0.017203
0.017873
0.017526
0.017494
0.017443
0.018968
0.019779
0.023226
0.017483
0.019703
0.018968
0.017309
0.017135
0.017921
0.017293
0.021022
0.018114
0.017407
0.018119
0.018478
0.018087
0.017434
0.018491
0.016829
0.018736
0.017727
0.016545
0.017902
0.017807
0.017105
0.017296
0.017048
0.017000
0.017581
0.018737
0.018224
0.017722
0.017922
0.016804
0.016968
0.018717
0.018696
0.020379
0.019091
0.018016
0.019350
0.018225
0.018411
0.017199
0.017132
0.018304
0.018290
0.018242
0.018357
0.018255
0.018841
0.018272
0.018319
0.016474
0.018839
0.019051
0.018424
0.019379
0.018340
0.017398
0.016743
0.017616
0.016665
0.019492
0.018928
0.017083
0.018339
0.018490
0.016683
0.021663
0.019504
0.017765
0.027531
0.019544
0.019302
0.017184
0.017280
0.017223
0.017585
0.017550
0.017788
0.017465
0.017374
0.017432
0.017551
0.016574
0.019658
0.020243
0.020828
0.020510
0.020372
0.019385
0.016531
0.021135
0.021678
0.019051
0.018504
0.018677
0.018093
0.017038
0.017673
0.016555
0.020340
0.019587
0.018700
0.018375
0.020066
0.026173
0.016723
0.017967
0.016547
0.018280
0.017971
0.018484
0.017119
0.017391
0.017665
0.017400
0.016019
0.018304
0.018406
0.015452
0.017282
0.016191
0.017212
0.017596
0.018227
0.016183
0.016689
0.016503
0.017360
0.018071
0.016534
0.016256
0.017175
0.016465
0.017183
0.016995
0.017462
0.016610
0.017063
0.017388
0.024757
0.020428
0.018713
0.018540
0.016648
0.017965
0.017216
0.017171
0.016943
0.017260
0.017501
0.017228
0.018072
0.018893
0.018962
0.017628
0.016492
0.017704
0.017486
0.016742
0.017305
0.017252
0.017303
0.017177
0.017254
0.017701
0.017314
0.017314
0.017077
0.017014
0.018623
0.016573
0.018597
0.017142
0.016114
0.017463
0.018733
0.020500
0.022033
0.021996
0.019227
0.019149
0.017122
0.016976
0.016727
0.016903
0.017230
0.018368
0.016403
0.018251
0.016699
0.016837
0.017521
0.017435
0.017058
0.017316
0.018232
0.016813
0.016934
0.018026
0.018019
0.018059
0.017124
0.017920
0.017375
0.020001
0.020896
0.021036
0.017701
0.017143
0.017916
0.017959
0.019855
0.019785
0.020239
0.019903
0.019780
0.017543
0.016749
0.017327
0.017171
0.019332
0.019133
0.019225
0.019192
0.017048
0.018114
0.022384
0.023335
0.019721
0.020314
0.019884
0.019765
0.019774
0.020346
0.018156
0.018074
0.017756
0.018258
0.017239
0.017551
0.017096
0.019076
0.016797
0.017991
0.017269
0.025976
0.027046
0.018869
0.017627
0.017359
0.017505
0.018882
0.018602
0.017908
0.017564
0.017978
0.018176
0.016936
0.018538
0.018278
0.019837
0.018361
0.017563
0.016808
0.018638
0.017216
0.018266
0.017959
0.019193
0.018828
0.018706
0.018829
0.019609
0.018654
0.017998
0.018877
0.018784
0.017958
0.021474
0.021361
0.022335
0.024524
0.024555
0.021350
0.021413
0.019700
0.018818
0.019091
0.018542
0.017960
0.018820
0.018891
0.020732
0.019557
0.017799
0.019088
0.018265
0.019307
0.022845
0.022831
0.023455
0.020705
0.017278
0.019043
0.018120
0.018904
0.020798
0.020576
0.021149
0.020652
0.021247
0.020408
0.021108
0.020277
0.018179
0.018226
0.017415
0.018844
0.019565
0.017534
0.017482
0.017836
0.018024
0.017691
0.017016
0.018560
0.017809
0.018954
0.018116
0.016891
0.017779
0.017523
0.017168
0.020229
0.017117
0.017906
0.017072
0.017791
0.019301
0.020070
0.022078
0.020406
0.017349
0.017604
0.017488
0.017557
0.019049
0.020770
0.021028
0.021093
0.021298
0.021120
0.021496
0.021080
0.021636
0.021032
0.021108
0.021681
0.021109
0.022293
0.018513
0.018042
0.017810
0.019007
0.019282
0.019061
0.019016
0.018650
0.017578
0.017969
0.018010
0.017406
0.017925
0.016839
0.018270
0.017570
0.017853
0.017876
0.017064
0.017752
0.021044
0.020286
0.019618
0.016936
0.019176
0.016729
0.017867
0.018579
0.017741
0.017402
0.016937
0.017496
0.017303
0.018202
0.018281
0.017440
0.017586
0.017427
0.016773
0.019057
0.017552
0.017269
0.017377
0.019562
0.016525
0.019067
0.016630
0.018806
0.016881
0.017450
0.017523
0.018240
0.017304
0.016865
0.017844
0.017768
0.018780
0.022028
0.016843
0.016700
0.017866
0.018241
0.021064
0.027317
0.021563
0.019446
0.020888
0.017609
0.018501
0.017726
0.017681
0.018101
0.018226
0.017880
0.018269
0.017770
0.017566
0.016351
0.017297
0.016349
0.017304
0.016919
0.017071
0.016755
0.020684
0.018549
0.018070
0.017258
0.016355
0.016980
0.016733
0.017925
0.020547
0.018770
0.016182
0.016684
0.016972
0.018587
0.017402
0.017133
0.017175
0.017141
0.017235
0.017391
0.018726
0.017358
0.017954
0.016354
0.019791
0.016324
0.022240
0.020164
0.016714
0.017058
0.016876
0.019482
0.017987
0.018853
0.018701
0.016911
0.016902
0.016545
0.018675
0.017351
0.017226
0.017638
0.020201
0.018339
0.021418
0.017259
0.017732
0.018281
0.018709
0.018688
0.017360
0.018891
0.017490
0.018384
0.019284
0.016609
0.017769
0.016813
0.017356
0.017903
0.016872
0.018199
0.018084
0.017596
0.017656
0.019392
0.019483
0.019308
0.018910
0.016867
0.019223
0.019270
0.019150
0.020131
0.017736
0.018867
0.018102
0.018479
0.020774
0.022063
0.023065
0.019150
0.019399
0.019668
0.017637
0.018483
0.017898
0.017939
0.019458
0.018803
0.017991
0.018122
0.018473
0.017860
0.018302
0.018823
0.018196
0.017537
0.018033
0.018301
0.018205
0.019040
0.018163
0.018333
