0.028832
0.029182
0.027504
0.037546
0.028129
0.028535
0.038396
0.028705
0.027768
0.030660
0.030270
0.030302
0.034556
0.029230
0.029680
0.029345
0.028678
0.032246
0.030566
0.027902
0.029115
0.027796
0.029685
0.029781
0.030504
0.030082
0.030088
0.027222
0.029712
0.030161
0.031801
0.029252
0.027942
0.027962
0.037925
0.029779
0.027952
0.027457
0.032281
0.027662
0.028400
0.028725
0.028651
0.027673
0.029761
0.027882
0.029595
0.026708
0.028593
0.027972
0.029326
0.030280
0.029096
0.028329
0.029600
0.028565
0.030274
0.045616
0.027994
0.027565
0.033211
0.029440
0.027937
0.027543
0.028309
0.029681
0.027917
0.028640
0.028002
0.028857
0.028723
0.029042
0.028001
0.032734
0.030491
0.027975
0.030706
0.029713
0.030106
0.031367
0.031265
0.030894
0.027557
0.028580
0.027839
0.030346
0.028632
0.029595
0.028636
0.028254
0.031437
0.030546
0.027778
0.035777
0.028303
0.031023
0.028343
0.029393
0.027816
0.030263
0.028763
0.032370
0.041637
0.029102
0.029209
0.031129
0.028871
0.027927
0.029789
0.034712
0.028149
0.029092
0.033005
0.029748
0.028310
0.033605
0.028278
0.028546
0.030300
0.028627
0.029810
0.029397
0.029319
0.030549
0.033691
0.028853
0.030118
0.030090
0.031715
0.027871
0.029887
0.029780
0.029402
0.027915
0.029090
0.028163
0.028084
0.028260
0.031168
0.027092
0.031082
0.031767
0.028753
0.028763
0.029985
0.028609
0.030465
0.033921
0.029775
0.027690
0.029889
0.031690
0.028256
0.028438
0.028458
0.028731
0.028945
0.028285
0.027450
0.027669
0.030984
0.027150
0.028478
0.027669
0.029743
0.029484
0.029176
0.030201
0.032926
0.032350
0.028839
0.029247
0.030463
0.028813
0.030230
0.030679
0.032246
0.028410
0.029565
0.030495
0.028639
0.028923
0.029755
0.030703
0.029553
0.029005
0.029555
0.028832
0.029995
0.029881
0.030226
0.032786
0.030444
0.030023
0.028259
0.029429
0.032001
0.027735
0.028027
0.028080
0.030960
0.027831
0.028624
0.028718
0.031493
0.033015
0.027602
0.032673
0.029661
0.027886
0.028371
0.029772
0.031736
0.031917
0.031367
0.031431
0.034298
0.028387
0.029263
0.028871
0.029474
0.028382
0.029023
0.029737
0.034884
0.030057
0.030105
0.029807
0.030501
0.028093
0.032702
0.028548
0.031664
0.031240
0.031266
0.035105
0.032404
0.029578
0.029243
0.033330
0.028040
0.030421
0.029126
0.031413
0.030944
0.028290
0.029957
0.031257
0.028927
0.029245
0.029462
0.030294
0.029375
0.029661
0.030485
0.030501
0.031155
0.032024
0.031367
0.032461
0.030216
0.029450
0.029291
0.030946
0.033900
0.031667
0.029228
0.029513
0.031248
0.029465
0.031444
0.031881
0.029970
0.029761
0.033676
0.028719
0.031735
0.032260
0.038537
0.031337
0.030054
0.034899
0.038009
0.029776
0.030298
0.033556
0.029698
0.029457
0.030096
0.030153
0.027097
0.028728
0.028451
0.027536
0.026862
0.028055
0.028379
0.027933
0.029451
0.030316
0.036113
0.026542
0.027796
0.027197
0.029325
0.026842
0.027553
0.029605
0.029156
0.028098
0.028062
0.028696
0.029456
0.027262
0.027356
0.027831
0.029380
0.026895
0.027631
0.028372
0.029771
0.027145
0.029006
0.031982
0.031799
0.028419
0.032489
0.030540
0.029546
0.032496
0.028478
0.028915
0.031686
0.030384
0.028775
0.033349
0.028511
0.029206
0.029671
0.028586
0.029949
0.029344
0.029028
0.029357
0.029548
0.030882
0.032762
0.028215
0.031440
0.030216
0.028763
0.029381
0.029841
0.033842
0.029224
0.028013
0.032415
0.029000
0.028993
0.028395
0.030721
0.029829
0.029489
0.032969
0.029421
0.029665
0.028236
0.043570
0.032513
0.028096
0.029319
0.031436
0.029684
0.029796
0.028422
0.029174
0.028913
0.028547
0.028331
0.031231
0.028806
0.033492
0.027658
0.030471
0.028457
0.030092
0.028391
0.029521
0.028446
0.029879
0.031568
0.032733
0.028242
0.028927
0.027992
0.031728
0.028431
0.029766
0.027322
0.030556
0.030104
0.030813
0.028594
0.029404
0.028639
0.027962
0.032432
0.028691
0.029521
0.028497
0.027654
0.028440
0.031562
0.038031
0.028671
0.031003
0.030044
0.031308
0.034954
0.028118
0.029159
0.030917
0.031127
0.028261
0.029633
0.029420
0.029761
0.027930
0.030236
0.028519
0.029928
0.029907
0.028450
0.029955
0.033110
0.030410
0.028409
0.031194
0.030620
0.028379
0.029674
0.028748
0.034157
0.028585
0.029422
0.028110
0.029726
0.028862
0.029638
0.031600
0.032241
0.027925
0.029378
0.031287
0.028798
0.027746
0.033757
0.031686
0.028610
0.028833
0.029284
0.029597
0.029539
0.028634
0.027992
0.028491
0.030856
0.028684
0.028441
0.029232
0.029333
0.027942
0.028847
0.031005
0.030511
0.027678
0.032203
0.028074
0.031020
0.032785
0.029039
0.031508
0.033049
0.030003
0.028930
0.030380
0.032534
0.032701
0.029504
0.030667
0.030237
0.032673
0.028921
0.030838
0.030861
0.029318
0.035745
0.039349
0.032322
0.035402
0.048567
0.036629
0.031004
0.029745
0.031954
0.037885
0.034633
0.032117
0.035438
0.031887
0.035813
0.036389
0.032528
0.029272
0.031510
0.036076
0.036316
0.033112
0.033289
0.034731
0.039894
0.040480
0.036826
0.030927
0.030941
0.032367
0.029432
0.031872
0.031384
0.036286
0.035371
0.046385
0.034294
0.036935
0.034162
0.030292
0.031478
0.042434
0.041253
0.035268
0.037728
0.040533
0.036885
0.037124
0.036183
0.038705
0.036257
0.031217
0.033440
0.035143
0.029659
0.030238
0.031759
0.036886
0.035506
0.035445
0.033959
0.037795
0.036787
0.035903
0.036523
0.032087
0.037130
0.031556
0.028875
0.028735
0.033720
0.051940
0.049619
0.051958
0.065709
0.052684
0.048481
0.048203
0.032423
0.033551
0.034274
0.036460
0.032813
0.033227
0.031792
0.030336
0.031481
0.028484
0.029075
0.029587
0.028274
0.029386
0.028867
0.031556
0.028387
0.032482
0.027481
0.034777
0.033863
0.030370
0.032061
0.030590
0.037969
0.029907
0.036027
0.028157
0.027857
0.028502
0.028983
0.028196
0.030367
0.030468
0.033634
0.032404
0.030538
0.030288
0.028418
0.028258
0.032698
0.031266
0.030956
0.030423
0.046494
0.032863
0.032195
0.031977
0.032322
0.034265
0.041696
0.035971
0.032099
0.039430
0.034201
0.032474
0.034047
0.031748
0.033438
0.033442
0.032625
0.035388
0.030508
0.036458
0.031263
0.029700
0.030862
0.029696
0.033792
0.030190
0.028783
0.029273
0.031350
0.032055
0.032001
0.051604
0.044054
0.043937
0.031701
0.030907
0.033230
0.032197
0.029906
0.030225
0.029154
0.032223
0.035321
0.032484
0.029452
0.032094
0.032919
0.029826
0.033104
0.034421
0.031315
0.032570
0.033097
0.036994
0.031407
0.028577
0.033508
0.032768
0.031336
0.038527
0.033157
0.033262
0.032527
0.032780
0.033111
0.033206
0.031697
0.031654
0.034255
0.030334
0.045196
0.044519
0.043894
0.037084
0.029334
0.030071
0.031367
0.032412
0.030467
0.028872
0.032312
0.028705
0.029237
0.029000
0.029893
0.028791
0.033696
0.028871
0.030638
0.030253
0.029776
0.029248
0.029662
0.029212
0.029076
0.029236
0.030118
0.027518
0.031376
0.030811
0.028631
0.031635
0.034715
0.032950
0.031530
0.032320
0.029334
0.029681
0.028522
0.028757
0.028772
0.031863
0.027538
0.028019
0.027907
0.031007
0.031051
0.028016
0.027815
0.032978
0.032805
0.031927
0.029306
0.030625
0.029360
0.028589
0.029771
0.035279
0.029127
0.030212
0.029710
0.034060
0.031721
0.028901
0.029454
0.030240
0.030402
0.029105
0.029148
0.032592
0.028693
0.030112
0.033216
0.035383
0.029691
0.034556
0.029128
0.032504
0.028599
0.028977
0.029074
0.030006
0.028631
0.028768
0.029961
0.030790
0.030223
0.028337
0.028199
0.033202
0.027995
0.028632
0.028230
0.030381
0.031818
0.033572
0.028635
0.037174
0.027666
0.031241
0.029906
0.030101
0.028154
0.028783
0.028610
0.030305
0.029711
0.028634
0.029402
0.034465
0.028396
0.028395
0.030299
0.030155
0.029622
0.031387
0.034058
0.030499
0.029062
0.031471
0.030666
0.036450
0.029143
0.029653
0.029073
0.034440
0.028328
0.031084
0.029799
0.031883
0.031389
0.029340
0.029426
0.030174
0.029788
0.029391
0.033597
0.031655
0.039453
0.029350
0.030085
0.029701
0.031374
0.028303
0.029644
0.036188
0.032888
0.029567
0.029700
0.029649
0.030224
0.030047
0.029364
0.030565
0.032796
0.040124
0.030796
0.028583
0.031597
0.034840
0.028932
0.028958
0.029704
0.033091
0.028960
0.029411
0.029533
0.030064
0.029156
0.029273
0.029213
0.030367
0.029541
0.028670
0.028945
0.028753
0.030020
0.030584
0.029305
0.032568
0.028934
0.034920
0.030410
0.029219
0.028953
0.028246
0.029501
0.029002
0.028080
0.030137
0.028106
0.031387
0.028347
0.028644
0.029642
0.029993
0.028506
0.030334
0.028607
0.029712
0.029696
0.029591
0.028037
0.032863
0.030705
0.029488
0.030093
0.029292
0.028863
0.028576
0.029542
0.030644
0.030426
0.028814
0.028878
0.029883
0.028957
0.029276
0.029256
0.029957
0.032738
0.028834
0.029408
0.029688
0.031598
0.030984
0.033125
0.030199
0.030269
0.029268
0.033230
0.028691
0.029039
0.028654
0.030421
0.029666
0.029342
0.028796
0.031621
0.028862
0.029238
0.030995
0.029760
0.029472
0.029351
0.029385
0.030774
0.030099
0.043258
0.030650
0.029851
0.029649
0.030107
0.032151
0.029192
0.030314
0.028293
0.032395
0.031461
0.031429
0.031273
0.029512
0.029282
0.029377
0.029804
0.030027
0.029200
0.032424
0.029299
0.037580
0.030081
0.030359
0.028873
0.031132
0.028730
0.028755
0.029170
0.030048
0.029744
0.028815
0.032209
0.029119
0.031378
0.028518
0.032058
0.029846
0.029954
0.028780
0.029122
0.032631
0.028184
0.033197
0.032774
0.029125
0.029082
0.028860
0.029148
0.030978
0.031491
0.027932
0.027673
0.029050
0.027765
0.027864
0.028340
0.033125
0.029522
0.029104
0.027767
0.031484
0.027685
0.030757
