0.148844
0.150665
0.149976
0.149140
0.141790
0.148389
0.152052
0.148268
0.148092
0.142975
0.147788
0.142339
0.160613
0.144707
0.146012
0.144366
0.147644
0.137393
0.150497
0.145862
0.145504
0.146867
0.146116
0.141323
0.146522
0.152193
0.147729
0.152132
0.152502
0.145395
0.143993
0.138811
0.151154
0.136056
0.155264
0.144838
0.153391
0.158564
0.157365
0.159193
0.159385
0.138169
0.147922
0.152633
0.140242
0.139453
0.147641
0.143268
0.143809
0.135260
0.147432
0.141446
0.143451
0.154585
0.139511
0.148132
0.152971
0.150890
0.143452
0.147017
0.153980
0.146778
0.144799
0.140108
0.139078
0.145756
0.155120
0.173706
0.157516
0.156128
0.152007
0.174976
0.166508
0.182348
0.177060
0.149766
0.172407
0.165502
0.164119
0.173928
0.159888
0.142800
0.151950
0.135213
0.158473
0.161659
0.163236
0.149837
0.150511
0.161402
0.156868
0.160676
0.163204
0.144585
0.155080
0.158897
0.162610
0.153172
0.147303
0.171505
0.165746
0.173732
0.170227
0.157175
0.149849
0.151331
0.179925
0.186088
0.163997
0.150688
0.160545
0.175513
0.157915
0.153389
0.166503
0.168868
0.166676
0.167451
0.150347
0.143564
0.144973
0.151673
0.157370
0.160675
0.143966
0.142491
0.157383
0.151124
0.152224
0.154469
0.145411
0.164306
0.161020
0.156869
0.145036
0.147226
0.148730
0.151089
0.159372
0.150980
0.160979
0.162511
0.156932
0.163686
0.153858
0.144962
0.152730
0.159300
0.154059
0.170416
0.160634
0.151977
0.162672
0.142132
0.145046
0.147699
0.144083
0.145117
0.153519
0.143812
0.147734
0.163507
0.145942
0.149535
0.152512
0.157684
0.146430
0.147111
0.154802
0.156379
0.152012
0.157481
0.169056
0.145385
0.158192
0.168237
0.147962
0.145433
0.143449
0.152648
0.153834
0.170732
0.152793
0.169078
0.158116
0.147887
0.142323
0.151855
0.142435
0.150177
0.138217
0.185213
0.184589
0.168969
0.151398
0.177786
0.168395
0.167463
0.170614
0.139552
0.142891
0.148353
0.160061
0.160877
0.165572
0.153657
0.151017
0.162767
0.145322
0.152999
0.161451
0.164901
0.142099
0.151679
0.156812
0.157882
0.169158
0.163576
0.147107
0.148644
0.144713
0.151722
0.143279
0.153163
0.153082
0.148347
0.173130
0.158718
0.152173
0.162376
0.156175
0.151410
0.161923
0.160673
0.159981
0.169887
0.176686
0.163647
0.153179
0.149481
0.150497
0.163379
0.167520
0.163365
0.160742
0.144706
0.162777
0.166843
0.155516
0.167729
0.154505
0.181264
0.153356
0.146341
0.153065
0.152890
0.159431
0.149875
0.152829
0.160394
0.140469
0.144218
0.145735
0.142703
0.145134
0.160177
0.145504
0.166290
0.157864
0.209228
0.173036
0.165215
0.153129
0.164811
0.165049
0.152949
0.150524
0.141808
0.149404
0.146565
0.163649
0.169505
0.155088
0.147879
0.148254
0.147217
0.148831
0.152358
0.150936
0.173463
0.156849
0.176752
0.164874
0.161115
0.162628
0.157041
0.160167
0.169659
0.156349
0.156944
0.164827
0.154027
0.165788
0.148993
0.169272
0.163354
0.135807
0.177839
0.165333
0.170944
0.162477
0.162191
0.163684
0.152227
0.167365
0.155538
0.162387
0.174277
0.142530
0.166168
0.156094
0.171782
0.144062
0.157763
0.156226
0.152720
0.162374
0.172758
0.174699
0.164662
0.164008
0.163592
0.159320
0.169571
0.163234
0.180266
0.155741
0.172246
0.156823
0.178081
0.155959
0.169694
0.160012
0.175381
0.161946
0.151245
0.175783
0.170292
0.153241
0.140765
0.196137
0.170377
0.153204
0.141012
0.150880
0.177087
0.182650
0.170573
0.186964
0.182366
0.152164
0.168783
0.184425
0.177168
0.177541
0.185987
0.157790
0.173874
0.173218
0.161254
0.149316
0.151711
0.148397
0.162012
0.159569
0.173911
0.209035
0.158838
0.145147
0.155981
0.148848
0.145124
0.174538
0.172574
0.157610
0.163004
0.171420
0.178995
0.174431
0.175632
0.191073
0.154238
0.145997
0.147235
0.144131
0.150799
0.153116
0.186536
0.168549
0.158656
0.141561
0.151438
0.152552
0.141193
0.140849
0.157604
0.163262
0.163312
0.173944
0.161657
0.149805
0.140536
0.170744
0.167609
0.148150
0.144955
0.163229
0.155906
0.138251
0.170798
0.162539
0.153222
0.164749
0.166114
0.154369
0.144729
0.163549
0.174239
0.167516
0.165920
0.168930
0.173873
0.177858
0.165167
0.174924
0.172741
0.182732
0.192718
0.160741
0.151284
0.158783
0.175178
0.178385
0.169948
0.160578
0.170726
0.179168
0.154892
0.162883
0.174977
0.156829
0.149386
0.151616
0.164146
0.168134
0.190529
0.165396
0.154357
0.144826
0.163450
0.186172
0.173604
0.162934
0.142281
0.162665
0.151079
0.143434
0.141583
0.145195
0.158669
0.150651
0.143761
0.142206
0.145432
0.143690
0.143354
0.151500
0.145083
0.154805
0.151526
0.142287
0.144323
0.148770
0.144773
0.154259
0.142406
0.143280
0.148605
0.145540
0.142679
0.153709
0.147168
0.150296
0.141093
0.153063
0.155639
0.156163
0.158176
0.161649
0.142155
0.138153
0.156673
0.144590
0.143489
0.157079
0.157199
0.141727
0.147905
0.145527
0.142705
0.152824
0.147626
0.143548
0.144852
0.148465
0.154977
0.141916
0.138897
0.146799
0.146846
0.155936
0.139745
0.142775
0.146770
0.145826
0.139660
0.143944
0.151140
0.143119
0.142237
0.142817
0.148499
0.151907
0.158972
0.134146
0.145085
0.145899
0.151922
0.145928
0.156392
0.155815
0.153141
0.144337
0.137020
0.144928
0.155459
0.152427
0.148845
0.143882
0.139910
0.156435
0.149173
0.147916
0.147598
0.145551
0.157196
0.172004
0.160250
0.141703
0.144908
0.142146
0.146983
0.148484
0.135475
0.142074
0.152527
0.147996
0.148835
0.153290
0.154558
0.157930
0.144107
0.149612
0.145301
0.157853
0.170259
0.165818
0.152652
0.150163
0.142463
0.145962
0.158803
0.146875
0.146676
0.152509
0.145320
0.147732
0.155383
0.149770
0.138019
0.152543
0.147980
0.159664
0.141227
0.142411
0.147876
0.151543
0.144589
0.153942
0.148752
0.151606
0.157052
0.149048
0.152773
0.149398
0.157724
0.153943
0.148447
0.152206
0.152949
0.164460
0.161875
0.148419
0.152311
0.146309
0.149367
0.141439
0.151954
0.140657
0.141895
0.149926
0.143089
0.149366
0.153422
0.151059
0.143606
0.151414
0.151764
0.144299
0.151880
0.153364
0.146591
0.137841
0.158442
0.147898
0.152322
0.154172
0.144260
0.144628
0.160676
0.150171
0.145836
0.151579
0.139934
0.151194
0.158299
0.153321
0.156637
0.146944
0.146905
0.150532
0.153701
0.149413
0.165013
0.158835
0.147326
0.148166
0.148136
0.151605
0.157915
0.150862
0.140383
0.156749
0.143569
0.152764
0.150428
0.149566
0.144193
0.149097
0.156588
0.159221
0.156240
0.144741
0.143420
0.157896
0.144233
0.150256
0.158485
0.143905
0.176070
0.162976
0.152646
0.169365
0.151298
0.143514
0.142802
0.151051
0.148638
0.150314
0.150820
0.159547
0.137961
0.140790
0.146446
0.148254
0.152626
0.149087
0.152335
0.141332
0.140866
0.152800
0.150461
0.143964
0.142920
0.161490
0.147194
0.144364
0.154160
0.150652
0.144227
0.148384
0.149610
0.141179
0.146314
0.147881
0.148890
0.158898
0.164600
0.180142
0.146054
0.143331
0.144764
0.146227
0.156347
0.148166
0.140260
0.145476
0.144070
0.149471
0.140886
0.144305
0.142165
0.145121
0.146474
0.154633
0.143172
0.146504
0.148160
0.146517
0.148561
0.149211
0.151537
0.142852
0.147459
0.150201
0.149162
0.153127
0.142260
0.159556
0.145612
0.148191
0.156942
0.154687
0.139644
0.145325
0.153885
0.146963
0.152871
0.147925
0.142597
0.150601
0.141700
0.151098
0.146188
0.151538
0.145528
0.143261
0.151938
0.151595
0.142857
0.153874
0.140054
0.150905
0.143220
0.169326
0.149707
0.149717
0.139898
0.146388
0.148519
0.143897
0.143432
0.144422
0.149815
0.142741
0.144944
0.143461
0.151492
0.146990
0.138225
0.145381
0.156949
0.153080
0.165283
0.178238
0.176941
0.189174
0.161616
0.153063
0.164734
0.141490
0.178448
0.180395
0.148512
0.167051
0.164967
0.164345
0.180548
0.157612
0.173212
0.174832
0.170014
0.160618
0.151077
0.153940
0.168297
0.196409
0.187518
0.152917
0.181226
0.178777
0.161589
0.167650
0.184681
0.170282
0.169153
0.189988
0.197731
0.189347
0.169898
0.153865
0.175975
0.200724
0.178858
0.169672
0.168237
0.150650
0.184866
0.169178
0.156278
0.144871
0.137961
0.191270
0.190571
0.162193
0.184102
0.164896
0.178439
0.177957
0.171251
0.179773
0.180926
0.169385
0.172722
0.166577
0.169411
0.169561
0.177967
0.165871
0.161570
0.153677
0.170851
0.157230
0.176987
0.187206
0.176093
0.149637
0.137533
0.150629
0.146572
0.147542
0.137960
0.171737
0.171317
0.146087
0.149705
0.151094
0.153684
0.161783
0.146717
0.136279
0.145943
0.161586
0.147619
0.151887
0.146603
0.152929
0.156612
0.154132
0.145575
0.145169
0.146099
0.150917
0.163415
0.159784
0.145590
0.157118
0.161983
0.162449
0.162244
0.172248
0.159956
0.146820
0.147937
0.146139
0.141873
0.153415
0.138138
0.153635
0.142145
0.147510
0.145951
0.147625
0.142853
0.155808
0.144800
0.150168
0.154009
0.148681
0.147470
0.158791
0.146894
0.136154
0.163754
0.141494
0.145296
0.156599
0.186419
0.177206
0.154960
0.151182
0.159828
0.168789
0.168920
0.159084
0.143626
0.150631
0.166350
0.152278
0.146167
0.151496
0.148879
0.147644
0.149509
0.146437
0.141346
0.146171
0.149151
0.140169
0.142065
0.140141
0.144656
0.176200
0.167005
0.181167
0.151080
0.152078
0.158199
0.149509
0.154809
0.152344
0.140265
0.148787
0.151289
0.141652
0.144795
0.151673
0.148799
0.156737
0.149296
0.149373
0.154975
0.158757
0.141667
0.150748
0.147478
0.147992
0.146182
0.152230
0.145744
0.146274
0.171149
0.167786
0.153472
0.169269
0.145220
0.141493
0.144316
0.142932
0.142955
0.158508
0.144376
0.144626
0.150664
0.145359
0.142854
0.153927
0.149594
0.147006
0.142244
