0.207535
0.197163
0.195328
0.200938
0.198380
0.206374
0.205276
0.200073
0.181418
0.189096
0.188774
0.205131
0.197142
0.188700
0.189071
0.190700
0.194846
0.203096
0.199408
0.203610
0.180076
0.186099
0.186020
0.189369
0.187218
0.196124
0.175599
0.189118
0.193249
0.179497
0.187733
0.175794
0.179993
0.183266
0.181188
0.185845
0.197132
0.198610
0.188239
0.180997
0.186764
0.187793
0.192642
0.198831
0.180754
0.217218
0.200539
0.190938
0.186328
0.185958
0.198651
0.196230
0.187423
0.176069
0.188735
0.205529
0.187076
0.185311
0.232563
0.216705
0.244192
0.208997
0.213207
0.232618
0.209319
0.194347
0.206839
0.195567
0.197974
0.187201
0.178675
0.184644
0.183441
0.189118
0.189895
0.183854
0.199503
0.192746
0.247078
0.199628
0.190488
0.265931
0.235002
0.281142
0.219973
0.189251
0.180032
0.247262
0.260894
0.261767
0.292445
0.216977
0.175853
0.184404
0.201402
0.187855
0.189885
0.185349
0.197606
0.187112
0.179915
0.200426
0.197937
0.190379
0.199621
0.250334
0.235246
0.230408
0.230838
0.220890
0.234121
0.195808
0.199070
0.213645
0.244870
0.215258
0.185851
0.195261
0.193813
0.188369
0.199823
0.192181
0.195218
0.228610
0.221675
0.202898
0.217829
0.181051
0.181127
0.194814
0.176522
0.186502
0.177763
0.186741
0.191170
0.206145
0.196124
0.185512
0.195641
0.190830
0.195394
0.194685
0.187664
0.177772
0.189933
0.181816
0.182273
0.193899
0.201339
0.193211
0.181797
0.188515
0.180117
0.195112
0.179511
0.193099
0.197209
0.195124
0.201180
0.189591
0.197806
0.193913
0.211739
0.204163
0.188460
0.188194
0.210425
0.202468
0.197634
0.198697
0.202629
0.200260
0.207459
0.199468
0.224456
0.254303
0.188189
0.194971
0.197018
0.185733
0.192104
0.184797
0.190677
0.188179
0.199038
0.180797
0.174765
0.201194
0.185299
0.196313
0.180765
0.192893
0.183498
0.182139
0.183408
0.193408
0.188277
0.191176
0.186554
0.184282
0.192352
0.197273
0.192156
0.183873
0.186338
0.187784
0.180995
0.198243
0.191862
0.184399
0.176577
0.191390
0.198635
0.190701
0.190110
0.186544
0.189989
0.185667
0.192019
0.196354
0.188833
0.182845
0.188729
0.180770
0.185685
0.187355
0.206586
0.198440
0.190656
0.203828
0.208576
0.200156
0.205827
0.195403
0.189396
0.255721
0.186861
0.209874
0.195307
0.200172
0.188438
0.190159
0.188127
0.192833
0.195666
0.184305
0.186582
0.188356
0.193847
0.190884
0.189447
0.179722
0.207076
0.199715
0.202165
0.186226
0.203241
0.190250
0.195158
0.185928
0.193611
0.209158
0.189563
0.184146
0.195870
0.200091
0.193916
0.187917
0.183281
0.197420
0.197142
0.188339
0.187535
0.200913
0.224818
0.204459
0.196576
0.191238
0.189432
0.197734
0.208621
0.197556
0.202242
0.193273
0.212959
0.234119
0.196778
0.202099
0.188929
0.197775
0.221912
0.200876
0.201901
0.183684
0.201856
0.190063
0.195652
0.188893
0.187678
0.180269
0.186959
0.189405
0.190000
0.187425
0.194489
0.190544
0.178184
0.191369
0.184162
0.183303
0.196877
0.181786
0.186495
0.188929
0.181154
0.186742
0.188973
0.191771
0.176818
0.181871
0.183715
0.192299
0.201948
0.185146
0.192727
0.197491
0.182909
0.188479
0.187842
0.192021
0.188025
0.186791
0.190582
0.185693
0.181323
0.184495
0.185650
0.177213
0.185399
0.191710
0.186443
0.182936
0.177699
0.199627
0.186346
0.189655
0.185374
0.180489
0.186916
0.196248
0.178383
0.198820
0.209879
0.188799
0.186568
0.194961
0.229857
0.209032
0.194326
0.184782
0.209472
0.193500
0.191653
0.217677
0.214975
0.191614
0.188125
0.207448
0.204067
0.194097
0.188432
0.189550
0.190738
0.188625
0.192756
0.187089
0.191702
0.198901
0.192456
0.186850
0.189282
0.180387
0.197604
0.197343
0.188489
0.200118
0.188873
0.190555
0.187374
0.192721
0.180121
0.180012
0.183017
0.177088
0.185001
0.200549
0.186924
0.190481
0.191701
0.194494
0.182022
0.184921
0.179754
0.199917
0.194041
0.191575
0.196568
0.179524
0.179347
0.189401
0.190553
0.184646
0.188453
0.205913
0.202900
0.188645
0.187312
0.198037
0.194934
0.186664
0.184346
0.188319
0.199439
0.185875
0.186371
0.173266
0.190113
0.191530
0.184263
0.186273
0.191539
0.176905
0.183939
0.189437
0.186631
0.194650
0.181540
0.175381
0.176443
0.186135
0.194846
0.199189
0.187201
0.181797
0.184298
0.188567
0.181599
0.181433
0.195494
0.191723
0.182361
0.183364
0.191598
0.209148
0.203814
0.213141
0.194738
0.187430
0.177845
0.193817
0.179590
0.195926
0.185428
0.173325
0.191586
0.185220
0.175770
0.188967
0.192606
0.191991
0.194541
0.187385
0.184179
0.178718
0.193083
0.180597
0.187319
0.190371
0.204481
0.184118
0.196356
0.211892
0.209186
0.215085
0.202152
0.207311
0.215769
0.219643
0.203090
0.203007
0.194337
0.203335
0.178022
0.177825
0.184848
0.176874
0.179977
0.191311
0.192740
0.204219
0.224112
0.204708
0.224777
0.221524
0.216450
0.200807
0.200881
0.195695
0.219034
0.214141
0.195506
0.194288
0.183494
0.186932
0.181984
0.177379
0.185989
0.192634
0.183153
0.179369
0.184675
0.186679
0.195458
0.188054
0.174379
0.177474
0.181693
0.177000
0.179148
0.184439
0.178839
0.203819
0.183184
0.183911
0.183145
0.196352
0.201256
0.182187
0.181468
0.185375
0.190450
0.182079
0.188296
0.182311
0.199177
0.185369
0.180035
0.172612
0.188433
0.180898
0.184722
0.181934
0.187947
0.187513
0.174741
0.182305
0.169424
0.180931
0.181533
0.181098
0.192383
0.187708
0.181871
0.194294
0.193512
0.196818
0.180358
0.184143
0.186697
0.186544
0.177514
0.191301
0.193928
0.207541
0.185909
0.206348
0.189674
0.208735
0.229331
0.231373
0.209651
0.189709
0.187108
0.188947
0.192774
0.204908
0.203210
0.195486
0.188510
0.195788
0.211351
0.195992
0.204580
0.179455
0.195848
0.194147
0.203578
0.196794
0.196699
0.228792
0.226635
0.207802
0.202736
0.205707
0.202419
0.189504
0.200233
0.231868
0.208869
0.177929
0.183823
0.186174
0.189579
0.203593
0.179343
0.185288
0.189729
0.206643
0.191034
0.184586
0.190387
0.188094
0.178371
0.213640
0.183074
0.185514
0.203887
0.177655
0.184657
0.186274
0.198310
0.187106
0.193384
0.191626
0.187921
0.188180
0.180956
0.190037
0.187124
0.201825
0.183304
0.191652
0.181448
0.200376
0.189944
0.189104
0.187032
0.188345
0.199459
0.185264
0.188490
0.191590
0.213110
0.184327
0.196784
0.189149
0.187763
0.184072
0.178408
0.189646
0.182661
0.202469
0.183774
0.177121
0.190346
0.188672
0.189831
0.186623
0.188208
0.189297
0.193702
0.176447
0.200683
0.198566
0.202693
0.187866
0.191315
0.186882
0.189787
0.190872
0.196095
0.196896
0.189331
0.179151
0.183903
0.191202
0.187905
0.189920
0.192941
0.189050
0.192565
0.174933
0.187359
0.194914
0.186794
0.190447
0.197114
0.188931
0.194791
0.194981
0.182345
0.195607
0.188867
0.199215
0.187900
0.190966
0.185584
0.190243
0.192680
0.186376
0.195153
0.182768
0.199563
0.181915
0.188863
0.182355
0.185951
0.184471
0.195942
0.192105
0.180497
0.187985
0.186558
0.197921
0.186000
0.193683
0.190189
0.199939
0.214790
0.195465
0.183643
0.200045
0.179780
0.197842
0.184343
0.179545
0.200921
0.191398
0.187905
0.192123
0.196783
0.198304
0.182930
0.187080
0.200306
0.187102
0.191618
0.191192
0.185999
0.197862
0.191997
0.203495
0.195478
0.200283
0.186477
0.202165
0.178956
0.186263
0.189713
0.177957
0.185706
0.188536
0.198292
0.188664
0.196319
0.178896
0.215823
0.203803
0.182025
0.174424
0.179763
0.200523
0.185829
0.183221
0.190105
0.207315
0.187251
0.191308
0.199354
0.187800
0.197818
0.224627
0.201266
0.205960
0.189832
0.193474
0.197861
0.175247
0.224650
0.204010
0.183445
0.198422
0.219544
0.232398
0.234342
0.210851
0.200073
0.181733
0.196196
0.205417
0.199676
0.196411
0.184550
0.188230
0.191020
0.187592
0.216694
0.181131
0.214727
0.200250
0.199472
0.182502
0.198262
0.181787
0.196484
0.192816
0.210945
0.206619
0.190183
0.183546
0.194061
0.198225
0.197575
0.200588
0.201898
0.206952
0.199560
0.203248
0.199721
0.221958
0.200440
0.194092
0.222246
0.200381
0.172039
0.205040
0.195402
0.181884
0.192476
0.176471
0.202755
0.187662
0.190154
0.190240
0.192772
0.187072
0.199620
0.192384
0.188256
0.192113
0.196423
0.194317
0.189715
0.183488
0.191500
0.186582
0.185108
0.185837
0.183510
0.185170
0.185674
0.182988
0.184546
0.192878
0.193008
0.189733
0.190541
0.179880
0.191379
0.192838
0.196310
0.178160
0.179368
0.200614
0.179836
0.178686
0.184880
0.196903
0.178386
0.181943
0.177379
0.185499
0.191026
0.189322
0.184837
0.184639
0.198820
0.189853
0.189319
0.188697
0.190409
0.194488
0.175248
0.190445
0.186902
0.196797
0.184464
0.185125
0.182913
0.198644
0.184410
0.184023
0.189819
0.198738
0.184304
0.188687
0.184639
0.197612
0.211337
0.196031
0.183205
0.188133
0.182652
0.202250
0.193630
0.181520
0.193184
0.199018
0.188351
0.194512
0.189797
0.195832
0.185398
0.178594
0.196027
0.189447
0.201920
0.196152
0.206774
0.221898
0.223254
0.227405
0.210339
0.207858
0.183681
0.192294
0.180034
0.184051
0.185882
0.185640
0.182706
0.190573
0.194657
0.194177
0.189280
0.190561
0.188197
0.177808
0.194691
0.183516
0.178283
0.201606
0.196644
0.187214
0.189834
0.186097
0.201035
0.177563
0.195314
0.198094
0.192125
0.188926
0.181326
0.192952
0.184905
0.204770
0.185876
0.185908
0.191335
0.185482
0.179844
0.176765
0.189760
0.195975
0.178317
0.195028
0.182148
0.178190
0.184417
0.200947
0.195296
0.182708
0.199177
0.185327
0.185758
0.198528
0.182397
0.202930
0.192789
0.189608
0.193462
0.186715
0.192507
0.194381
0.172149
0.195955
0.178007
0.210984
0.205622
0.181573
