0.140018
0.137229
0.145061
0.142359
0.139805
0.149954
0.161365
0.151642
0.139304
0.139810
0.148642
0.137851
0.144621
0.148315
0.140927
0.139274
0.151507
0.138080
0.141049
0.142009
0.142695
0.145301
0.139199
0.148921
0.141938
0.145594
0.137737
0.151530
0.127029
0.147794
0.143819
0.151713
0.154668
0.143962
0.137254
0.142179
0.141957
0.148461
0.144385
0.142906
0.141419
0.153926
0.152739
0.160140
0.151826
0.134937
0.153629
0.136829
0.151534
0.145093
0.137969
0.138416
0.136323
0.138050
0.144036
0.161413
0.146920
0.140014
0.141158
0.146257
0.137751
0.142655
0.146417
0.143163
0.132906
0.138260
0.135685
0.133321
0.138002
0.141350
0.143632
0.139747
0.141720
0.142251
0.149300
0.141292
0.144437
0.137601
0.161612
0.144668
0.147625
0.144688
0.145093
0.143083
0.138798
0.136779
0.138437
0.142233
0.146804
0.146942
0.142911
0.139342
0.158116
0.154765
0.141121
0.144527
0.137893
0.173163
0.147793
0.153586
0.166831
0.152268
0.147894
0.153622
0.145356
0.158313
0.154825
0.140137
0.145687
0.140287
0.135549
0.144015
0.149724
0.146367
0.147475
0.143615
0.143599
0.149662
0.146059
0.144244
0.136353
0.137617
0.146177
0.151774
0.144155
0.142705
0.145585
0.140984
0.143254
0.135178
0.148297
0.151651
0.136020
0.133730
0.141557
0.143627
0.141340
0.138403
0.133023
0.149774
0.141677
0.146279
0.147686
0.148860
0.144566
0.140459
0.141363
0.149237
0.149872
0.141828
0.134511
0.138663
0.146142
0.144543
0.149381
0.143329
0.139001
0.139018
0.147505
0.147959
0.137865
0.159378
0.140499
0.141433
0.146101
0.142002
0.144324
0.141624
0.150097
0.147358
0.140802
0.140956
0.144364
0.146217
0.143910
0.140893
0.146751
0.142260
0.137442
0.150261
0.140728
0.141732
0.140557
0.139216
0.151035
0.138825
0.142719
0.139264
0.139942
0.137542
0.146860
0.152510
0.161765
0.156501
0.141672
0.142237
0.154328
0.140546
0.149519
0.140497
0.156196
0.144745
0.139754
0.137408
0.142026
0.144873
0.144992
0.147200
0.143304
0.148360
0.161375
0.155771
0.145060
0.141618
0.148122
0.146733
0.159749
0.144029
0.141754
0.139956
0.140289
0.146560
0.145110
0.159490
0.147481
0.140930
0.142813
0.140895
0.146853
0.143251
0.147977
0.146009
0.147709
0.142143
0.139203
0.142422
0.139340
0.146462
0.139324
0.147978
0.144410
0.148323
0.134552
0.140546
0.134892
0.140560
0.142634
0.149011
0.142463
0.140360
0.146654
0.141343
0.143315
0.142556
0.156149
0.148161
0.144843
0.145427
0.149466
0.139111
0.139726
0.159394
0.146720
0.146171
0.158091
0.143267
0.145084
0.147766
0.150310
0.143478
0.149331
0.147786
0.143005
0.145473
0.151714
0.145406
0.137890
0.145056
0.156977
0.137839
0.151140
0.138802
0.152680
0.136155
0.147255
0.145249
0.141504
0.143747
0.148227
0.148056
0.141248
0.154296
0.141202
0.137658
0.149634
0.139843
0.141018
0.144213
0.145038
0.142690
0.142835
0.143127
0.136922
0.134172
0.148934
0.147068
0.136880
0.144828
0.146082
0.136603
0.150659
0.147320
0.146263
0.143218
0.149337
0.144036
0.145876
0.138765
0.147042
0.145146
0.142671
0.150834
0.140213
0.138999
0.143157
0.140013
0.142686
0.146489
0.155656
0.150824
0.158149
0.146059
0.144787
0.138113
0.153927
0.145018
0.141035
0.145155
0.139216
0.143402
0.146045
0.150214
0.147201
0.146080
0.141421
0.155818
0.143446
0.139444
0.135258
0.137848
0.146869
0.150312
0.145775
0.153720
0.145213
0.136741
0.148911
0.151705
0.145183
0.162271
0.149256
0.140616
0.143157
0.143008
0.141107
0.140606
0.145996
0.144107
0.138047
0.143645
0.144406
0.147081
0.146938
0.148048
0.135918
0.141176
0.143379
0.141013
0.140750
0.138254
0.142059
0.137350
0.137811
0.148421
0.145594
0.145014
0.145753
0.143637
0.142570
0.148957
0.146777
0.140824
0.140676
0.143566
0.148247
0.144572
0.144716
0.141306
0.142778
0.132673
0.137564
0.151741
0.141649
0.147935
0.146590
0.141882
0.151657
0.149992
0.139867
0.146257
0.137687
0.140335
0.136525
0.158350
0.141890
0.160210
0.145647
0.140487
0.131843
0.140857
0.134719
0.150385
0.149618
0.139721
0.139678
0.143737
0.140111
0.158884
0.145257
0.134081
0.137249
0.138794
0.147898
0.140610
0.156615
0.142480
0.152806
0.141700
0.141697
0.140690
0.157288
0.148303
0.144852
0.139300
0.140134
0.140077
0.139002
0.150304
0.140138
0.146558
0.153375
0.148464
0.147063
0.145362
0.136290
0.143616
0.148200
0.139845
0.146132
0.151180
0.141534
0.143452
0.139354
0.141427
0.138278
0.153595
0.144271
0.142790
0.144353
0.144037
0.145736
0.141454
0.139346
0.141009
0.143260
0.139462
0.140040
0.156919
0.143359
0.147148
0.144266
0.141312
0.140699
0.151508
0.143545
0.141228
0.148353
0.147741
0.134652
0.155179
0.149042
0.146348
0.147018
0.144485
0.148014
0.137183
0.145827
0.142311
0.146662
0.149239
0.141293
0.139341
0.147596
0.151894
0.149711
0.143822
0.136618
0.152343
0.149649
0.139603
0.146262
0.141589
0.143749
0.145529
0.141503
0.148750
0.146832
0.145951
0.137790
0.138131
0.151512
0.151123
0.141631
0.156427
0.141875
0.144998
0.137889
0.146368
0.141915
0.138432
0.145447
0.143139
0.140673
0.144011
0.144088
0.133614
0.136687
0.139259
0.153021
0.155499
0.139724
0.141124
0.138926
0.145609
0.141969
0.143946
0.160591
0.142149
0.143068
0.148394
0.152735
0.143578
0.150015
0.143833
0.146353
0.147622
0.148279
0.137251
0.153048
0.145521
0.142897
0.142694
0.160933
0.146629
0.164080
0.136316
0.138857
0.150037
0.138395
0.137690
0.153354
0.144057
0.138188
0.155200
0.158453
0.145689
0.145957
0.148999
0.145336
0.146762
0.142418
0.146690
0.145394
0.152008
0.141407
0.141564
0.141764
0.138527
0.144711
0.141562
0.143399
0.145342
0.151031
0.143996
0.147511
0.151285
0.144262
0.139198
0.138294
0.140250
0.149304
0.147474
0.139558
0.143996
0.140100
0.151901
0.142214
0.141900
0.150926
0.141979
0.144169
0.143447
0.151221
0.146731
0.149421
0.139566
0.142932
0.136856
0.141267
0.137303
0.145860
0.144298
0.145006
0.141143
0.143749
0.146106
0.148077
0.146486
0.142310
0.141857
0.144858
0.143810
0.163809
0.151953
0.148274
0.139024
0.146453
0.139965
0.148963
0.139587
0.135005
0.149665
0.142826
0.144663
0.143552
0.144568
0.140665
0.148776
0.142180
0.148982
0.140391
0.157211
0.145057
0.145786
0.144723
0.146183
0.148158
0.151322
0.151650
0.154352
0.142824
0.162848
0.142571
0.151190
0.137192
0.138579
0.141923
0.139085
0.151983
0.149953
0.158137
0.141074
0.137896
0.148527
0.142137
0.150223
0.142386
0.143112
0.142424
0.150227
0.134615
0.148595
0.151841
0.148508
0.142447
0.138649
0.142589
0.141249
0.150132
0.143109
0.144459
0.150731
0.140063
0.144879
0.153485
0.138082
0.144144
0.143260
0.141295
0.143486
0.156254
0.159411
0.138302
0.144341
0.135577
0.149226
0.150721
0.140538
0.141195
0.145622
0.148133
0.145563
0.142222
0.143448
0.147412
0.148212
0.139609
0.147623
0.140455
0.138726
0.146839
0.142302
0.144013
0.145644
0.138727
0.144191
0.145606
0.144356
0.139754
0.143909
0.153322
0.146301
0.140420
0.146759
0.142644
0.145629
0.141421
0.146452
0.145899
0.141682
0.142490
0.141077
0.141031
0.150972
0.145176
0.146476
0.143724
0.145113
0.142909
0.157024
0.150321
0.149798
0.153910
0.142701
0.141556
0.140316
0.147135
0.146027
0.144225
0.143603
0.138948
0.153980
0.143652
0.140527
0.143388
0.145411
0.145349
0.137671
0.154018
0.147320
0.134796
0.143946
0.155765
0.159406
0.160742
0.157320
0.154633
0.148639
0.143598
0.141304
0.156824
0.134820
0.143407
0.142527
0.137546
0.153182
0.150131
0.141804
0.146782
0.135711
0.140852
0.150811
0.141742
0.141003
0.142559
0.139359
0.144983
0.143860
0.151151
0.157364
0.146664
0.145746
0.139104
0.143901
0.147383
0.148589
0.144966
0.143174
0.147984
0.154729
0.141130
0.143302
0.151911
0.143685
0.146256
0.138418
0.145673
0.151201
0.133731
0.142688
0.154893
0.142986
0.142848
0.144288
0.159343
0.145203
0.151250
0.145422
0.141975
0.139706
0.151774
0.156973
0.141944
0.137469
0.150620
0.141238
0.140313
0.139847
0.144931
0.134644
0.151965
0.141015
0.156629
0.146457
0.137500
0.150008
0.145976
0.147422
0.148505
0.142561
0.142285
0.138846
0.138872
0.143273
0.144670
0.149395
0.147107
0.144713
0.142078
0.142858
0.153795
0.142389
0.146212
0.152401
0.146223
0.139473
0.142351
0.156344
0.133992
0.141130
0.140080
0.141957
0.138380
0.137999
0.138300
0.159549
0.146811
0.145617
0.143971
0.148196
0.148058
0.141379
0.145159
0.139208
0.148865
0.152854
0.142506
0.141395
0.144401
0.152391
0.170919
0.143498
0.144286
0.143019
0.145486
0.143584
0.143880
0.153067
0.140700
0.139457
0.142255
0.139266
0.155884
0.140727
0.137808
0.146198
0.155783
0.156699
0.143296
0.134298
0.156568
0.141684
0.135122
0.149830
0.156251
0.137942
0.139879
0.143604
0.148262
0.141065
0.153143
0.141587
0.149931
0.145402
0.143350
0.138805
0.142885
0.145312
0.153143
0.137589
0.143331
0.139753
0.144662
0.146153
0.145148
0.148486
0.149550
0.132148
0.139244
0.151252
0.137798
0.154167
0.148736
0.142521
0.144190
0.143382
0.155236
0.142841
0.150895
0.137675
0.146938
0.141717
0.141001
0.152233
0.141379
0.141089
0.142267
0.140421
0.150786
0.154216
0.141905
0.140676
0.143014
0.153979
0.141127
0.143792
0.147005
0.147159
0.143795
0.151868
0.146093
0.139832
0.144931
0.137619
0.147344
0.145214
0.148997
0.151297
0.144748
0.143756
0.140321
0.143562
0.142535
0.148373
0.151901
0.149940
0.142726
0.143976
0.144962
0.146777
0.142030
0.147156
0.144342
0.143837
0.140411
0.138947
0.159840
0.144456
0.149503
0.138269
