0.125660
0.151931
0.129479
0.151205
0.137909
0.135118
0.137260
0.137683
0.133875
0.137583
0.130363
0.137709
0.133328
0.136292
0.140911
0.140506
0.132289
0.128012
0.131152
0.137667
0.152686
0.132349
0.143403
0.135135
0.136301
0.141954
0.129530
0.139364
0.145637
0.158177
0.134213
0.135246
0.138598
0.142910
0.139967
0.130469
0.158939
0.138947
0.138308
0.134932
0.137229
0.124171
0.133656
0.135430
0.141860
0.136952
0.142316
0.136853
0.133692
0.125815
0.129346
0.124700
0.141882
0.135483
0.149466
0.134100
0.134638
0.142750
0.133642
0.139288
0.136408
0.149634
0.135133
0.140330
0.125441
0.145044
0.140612
0.138078
0.128390
0.130699
0.127759
0.127386
0.131840
0.140335
0.126692
0.141263
0.137267
0.128779
0.128673
0.140950
0.136718
0.142721
0.136717
0.135214
0.149948
0.136447
0.142615
0.134376
0.124155
0.138802
0.127948
0.131252
0.125317
0.141442
0.134151
0.141018
0.136376
0.131381
0.128279
0.157032
0.137346
0.144341
0.137150
0.141209
0.128804
0.138211
0.150103
0.139096
0.123141
0.144687
0.137176
0.133463
0.135524
0.144475
0.129934
0.133501
0.130031
0.129330
0.139232
0.139410
0.129101
0.141260
0.139558
0.130005
0.138729
0.130832
0.142134
0.138755
0.131788
0.134488
0.131861
0.134936
0.147509
0.137155
0.136015
0.144327
0.157811
0.137257
0.147842
0.152431
0.136488
0.133642
0.134673
0.142295
0.173579
0.157749
0.138376
0.128822
0.125503
0.153494
0.150416
0.133441
0.137896
0.147106
0.137205
0.129199
0.134799
0.135446
0.138807
0.138891
0.142186
0.140523
0.127875
0.140188
0.133816
0.143663
0.130059
0.139574
0.140408
0.144397
0.127286
0.142304
0.145452
0.134623
0.141762
0.158100
0.157690
0.136072
0.140806
0.136770
0.145586
0.137024
0.129516
0.141735
0.142553
0.135037
0.133617
0.125368
0.138048
0.139796
0.137051
0.134156
0.136562
0.137666
0.130804
0.135999
0.135099
0.132659
0.139999
0.132805
0.135342
0.133239
0.128429
0.135013
0.138605
0.138111
0.146756
0.132788
0.130427
0.145526
0.127603
0.147458
0.128986
0.132126
0.131160
0.132792
0.123367
0.142076
0.144915
0.139239
0.138408
0.131841
0.133658
0.135922
0.148509
0.133804
0.129569
0.141519
0.135012
0.138310
0.143152
0.138931
0.150358
0.140677
0.129511
0.142219
0.132887
0.137054
0.127978
0.122268
0.128966
0.124778
0.145218
0.145610
0.136250
0.140846
0.136938
0.134095
0.136807
0.132240
0.135826
0.139092
0.131041
0.137021
0.138144
0.137698
0.134335
0.151801
0.143715
0.132898
0.128800
0.136373
0.126926
0.144813
0.133754
0.134384
0.123136
0.126525
0.128244
0.133160
0.142718
0.145905
0.155399
0.141021
0.140919
0.127293
0.143707
0.144324
0.129189
0.139841
0.129334
0.126190
0.130244
0.127724
0.130080
0.142813
0.129105
0.148113
0.148561
0.131892
0.147179
0.129014
0.139051
0.135293
0.140322
0.136032
0.134076
0.142859
0.134892
0.130322
0.130067
0.139765
0.138116
0.139780
0.131548
0.125339
0.132435
0.133748
0.127092
0.137335
0.140753
0.134928
0.148595
0.132277
0.129257
0.134717
0.130386
0.142126
0.141802
0.131166
0.133493
0.130220
0.141094
0.140049
0.137824
0.142989
0.133658
0.130081
0.139744
0.136999
0.140960
0.135598
0.138166
0.130395
0.130589
0.128636
0.133067
0.146930
0.137457
0.136948
0.137466
0.130560
0.150039
0.139884
0.125143
0.143000
0.127406
0.130836
0.132897
0.127960
0.142748
0.137597
0.126745
0.127083
0.133879
0.130571
0.141579
0.145212
0.137838
0.130687
0.129470
0.147235
0.129183
0.141073
0.144414
0.139441
0.138898
0.139505
0.129927
0.141348
0.137218
0.137162
0.125515
0.138550
0.131115
0.131992
0.132445
0.131644
0.142012
0.130820
0.135111
0.130317
0.129029
0.154021
0.128803
0.143062
0.145686
0.134829
0.130581
0.144465
0.142945
0.146988
0.128546
0.146119
0.137451
0.136833
0.142407
0.139925
0.135026
0.148621
0.125645
0.136647
0.127882
0.145942
0.147350
0.145660
0.130775
0.141397
0.146934
0.155708
0.131088
0.139187
0.133548
0.130380
0.135732
0.135929
0.136981
0.137912
0.129762
0.130236
0.132103
0.135641
0.142312
0.126413
0.135417
0.138508
0.133693
0.140412
0.127319
0.142813
0.130470
0.126685
0.128795
0.136961
0.126760
0.130890
0.138704
0.136674
0.140304
0.130513
0.134043
0.125288
0.134456
0.145321
0.137151
0.130771
0.138892
0.135122
0.126894
0.154184
0.138150
0.128467
0.137929
0.129987
0.134948
0.145282
0.132389
0.126679
0.139299
0.131173
0.128262
0.141076
0.144758
0.142907
0.131171
0.134115
0.131029
0.150148
0.132767
0.138271
0.137067
0.133886
0.141585
0.144847
0.142348
0.137858
0.154729
0.126736
0.148858
0.141780
0.145680
0.138583
0.155521
0.138878
0.139344
0.163431
0.140231
0.134019
0.146447
0.135336
0.135319
0.131385
0.132444
0.137884
0.129824
0.139271
0.129090
0.136073
0.135043
0.134802
0.138247
0.129709
0.130228
0.130345
0.124405
0.126938
0.125186
0.133674
0.133950
0.134306
0.129268
0.130116
0.127209
0.138821
0.123932
0.142550
0.132965
0.137126
0.125872
0.135907
0.147424
0.148649
0.136072
0.153774
0.132135
0.133323
0.137576
0.127467
0.140093
0.141020
0.137753
0.135610
0.133592
0.136077
0.127669
0.139827
0.143514
0.136145
0.121081
0.129917
0.131393
0.135526
0.136506
0.139111
0.129746
0.141815
0.141579
0.128896
0.150795
0.140056
0.131963
0.146493
0.146106
0.128043
0.149761
0.139439
0.131391
0.132148
0.138688
0.135300
0.130775
0.147974
0.136132
0.134296
0.141814
0.132723
0.138686
0.135238
0.146972
0.136824
0.129489
0.130308
0.126674
0.142574
0.148720
0.144970
0.132017
0.128080
0.128860
0.139980
0.135700
0.143211
0.134977
0.126846
0.147127
0.139356
0.136568
0.139843
0.144968
0.134688
0.130673
0.137796
0.135031
0.128475
0.141915
0.127579
0.127494
0.132800
0.137780
0.125685
0.126541
0.148961
0.128633
0.129405
0.147275
0.126257
0.124172
0.135893
0.138183
0.142318
0.133147
0.140881
0.145352
0.127111
0.144939
0.135765
0.143120
0.128887
0.131310
0.129090
0.142770
0.143711
0.138199
0.128052
0.145955
0.152288
0.125998
0.150491
0.135802
0.132323
0.134487
0.131069
0.149018
0.142541
0.130119
0.147997
0.129821
0.144401
0.128256
0.130129
0.131498
0.143397
0.130046
0.147432
0.122751
0.128320
0.127115
0.140725
0.135639
0.131703
0.130784
0.138777
0.129263
0.130285
0.139087
0.138341
0.138720
0.127402
0.145199
0.137693
0.143277
0.145793
0.138386
0.135112
0.134542
0.137016
0.139475
0.127525
0.139927
0.138801
0.129101
0.123933
0.125091
0.133347
0.138766
0.136797
0.129451
0.144307
0.127804
0.147192
0.136611
0.140523
0.124897
0.145793
0.130504
0.144574
0.127660
0.138589
0.139634
0.127878
0.142324
0.126136
0.142276
0.139721
0.144923
0.132649
0.140855
0.128508
0.151021
0.129878
0.137773
0.133924
0.132462
0.129605
0.147085
0.129027
0.132290
0.141640
0.140407
0.133107
0.140559
0.136495
0.144621
0.129003
0.136017
0.132702
0.154803
0.126340
0.143923
0.130764
0.154797
0.128842
0.128309
0.136694
0.128555
0.139619
0.132262
0.147660
0.137898
0.127931
0.135576
0.133448
0.152396
0.135594
0.135544
0.135707
0.137641
0.132374
0.131762
0.133655
0.137859
0.123664
0.147114
0.144999
0.130179
0.140117
0.134905
0.141505
0.131571
0.143219
0.133026
0.135761
0.136461
0.154264
0.144278
0.139870
0.133671
0.129711
0.134686
0.126369
0.144532
0.131569
0.129966
0.132611
0.131924
0.131466
0.137613
0.135148
0.137171
0.132094
0.136390
0.136142
0.133638
0.142960
0.127824
0.131684
0.143268
0.135256
0.126307
0.132129
0.147785
0.132373
0.128070
0.124668
0.131499
0.136528
0.131045
0.138946
0.131994
0.138496
0.138637
0.141167
0.143900
0.147419
0.132647
0.139044
0.128617
0.140133
0.128787
0.128072
0.156499
0.126197
0.133632
0.136056
0.124324
0.131923
0.136638
0.142975
0.134183
0.139128
0.144978
0.133894
0.131394
0.146317
0.139007
0.132567
0.136099
0.128001
0.128602
0.130294
0.135670
0.136950
0.125664
0.156498
0.128351
0.122888
0.125996
0.142802
0.125301
0.133894
0.135395
0.133650
0.134158
0.143722
0.146311
0.142013
0.143699
0.150190
0.132724
0.134281
0.138718
0.126891
0.137466
0.136933
0.134130
0.136739
0.130884
0.141440
0.127412
0.136666
0.125986
0.132876
0.138841
0.137679
0.146845
0.134568
0.132246
0.140902
0.136073
0.125795
0.147141
0.133332
0.135648
0.128564
0.134333
0.134447
0.130702
0.146242
0.124956
0.135311
0.133798
0.140526
0.136341
0.143430
0.149018
0.127833
0.137660
0.137246
0.128371
0.138393
0.151162
0.137875
0.134237
0.139516
0.133231
0.127320
0.138074
0.134539
0.131854
0.131306
0.140230
0.134641
0.149831
0.137265
0.129582
0.139710
0.131271
0.133341
0.132566
0.130663
0.137179
0.140657
0.137753
0.128339
0.128638
0.131156
0.136125
0.130174
0.132259
0.129402
0.137354
0.141219
0.141787
0.141555
0.130630
0.143821
0.123767
0.138680
0.126781
0.128698
0.152031
0.138344
0.126073
0.143431
0.126572
0.133752
0.144136
0.129636
0.141801
0.134683
0.128922
0.140521
0.135571
0.142920
0.136242
0.129439
0.148059
0.135858
0.134132
0.133101
0.142459
0.144983
0.127934
0.142403
0.147459
0.125395
0.142499
0.137619
0.124222
0.137192
0.126032
0.130565
0.130967
0.137500
0.134687
0.126931
0.144757
0.121315
0.127940
0.127403
0.139055
0.131668
0.138067
0.127978
0.142594
0.141541
0.136768
0.136177
0.124974
0.146907
0.132685
0.134925
0.124201
0.136416
0.149890
0.140378
0.128836
0.130911
0.139090
0.131315
0.138420
0.135787
0.125830
0.144095
0.131018
0.126914
0.130037
0.137946
0.129902
0.139344
0.126107
0.132611
0.125459
0.134100
0.130677
0.141129
0.128905
0.140707
0.143434
0.124346
