0.130777
0.131104
0.131254
0.131464
0.129095
0.125843
0.130220
0.128662
0.134615
0.129907
0.131181
0.120973
0.130414
0.128331
0.119504
0.128848
0.122686
0.120700
0.122838
0.119773
0.118498
0.123272
0.126316
0.122095
0.129713
0.128278
0.120412
0.126301
0.128691
0.126412
0.128731
0.123624
0.134490
0.127617
0.124836
0.132048
0.122068
0.128367
0.124914
0.124764
0.129790
0.124967
0.125955
0.118798
0.130863
0.143187
0.118400
0.121093
0.126049
0.133211
0.126016
0.126461
0.124524
0.125851
0.128218
0.122988
0.123167
0.136597
0.125365
0.137160
0.141003
0.136372
0.131055
0.135085
0.127966
0.127952
0.124308
0.122890
0.127223
0.123720
0.131184
0.133448
0.132958
0.126084
0.114658
0.124455
0.127354
0.123533
0.131511
0.126522
0.124585
0.134320
0.141564
0.127236
0.119531
0.120688
0.131022
0.120988
0.128201
0.128215
0.129447
0.127996
0.133634
0.131091
0.127296
0.125872
0.129724
0.128522
0.130189
0.127044
0.127270
0.133642
0.130928
0.133096
0.124847
0.122230
0.133584
0.128486
0.127894
0.126207
0.130916
0.128903
0.127915
0.126822
0.131318
0.127587
0.131653
0.131730
0.127988
0.126045
0.119541
0.122480
0.124438
0.133069
0.131997
0.140198
0.128976
0.115674
0.123437
0.128813
0.133552
0.143016
0.143616
0.137470
0.131290
0.125632
0.138514
0.132152
0.129591
0.137869
0.123655
0.132319
0.126535
0.130353
0.126879
0.132385
0.144367
0.131378
0.125375
0.119348
0.127246
0.128056
0.130409
0.147667
0.136487
0.122529
0.130129
0.119180
0.133424
0.122379
0.132442
0.126121
0.135275
0.125506
0.124937
0.126364
0.129703
0.130713
0.137620
0.121208
0.136382
0.126247
0.120509
0.122763
0.123133
0.132602
0.126103
0.133422
0.121118
0.120116
0.117544
0.133456
0.129166
0.126473
0.121811
0.129071
0.127265
0.125349
0.128469
0.130382
0.132180
0.121361
0.130192
0.128984
0.126431
0.132380
0.128515
0.152178
0.123753
0.121434
0.122631
0.123802
0.127885
0.117096
0.126562
0.124707
0.135810
0.123069
0.125054
0.128832
0.122810
0.130315
0.130162
0.130409
0.132240
0.130157
0.123863
0.129973
0.126230
0.131392
0.127413
0.122771
0.119978
0.128844
0.127356
0.125954
0.125468
0.124430
0.122802
0.132304
0.124060
0.121811
0.124167
0.129685
0.137368
0.125338
0.127473
0.134217
0.129733
0.126338
0.126116
0.130427
0.123616
0.124236
0.127953
0.127712
0.132850
0.129496
0.139271
0.133969
0.123557
0.124331
0.128841
0.133866
0.124234
0.132268
0.127518
0.136058
0.123023
0.132457
0.122331
0.143343
0.130354
0.121787
0.126599
0.131738
0.131960
0.135098
0.123546
0.129602
0.140380
0.121196
0.127092
0.121354
0.126881
0.132486
0.132660
0.134902
0.123516
0.127962
0.126345
0.125974
0.121274
0.128473
0.128830
0.130187
0.127864
0.126064
0.126974
0.125073
0.118171
0.126592
0.128733
0.135295
0.138708
0.141218
0.124755
0.124951
0.130939
0.134304
0.131807
0.126983
0.129419
0.126321
0.127024
0.118855
0.130945
0.123530
0.125234
0.130468
0.121235
0.121202
0.126602
0.134044
0.134717
0.125660
0.122587
0.125785
0.129434
0.128093
0.130368
0.134110
0.124571
0.123200
0.132430
0.124027
0.125222
0.118929
0.130461
0.126004
0.126397
0.122390
0.127300
0.131819
0.123410
0.129786
0.128955
0.129164
0.131270
0.135033
0.129481
0.128016
0.135257
0.135621
0.135304
0.129655
0.125063
0.127897
0.131682
0.127829
0.132480
0.124119
0.124678
0.133641
0.139648
0.136166
0.131520
0.134533
0.126138
0.131668
0.130086
0.130769
0.134320
0.128720
0.138154
0.133456
0.124728
0.135488
0.136925
0.122606
0.130885
0.128491
0.131296
0.128149
0.126757
0.125605
0.128662
0.124654
0.125467
0.132422
0.128795
0.135047
0.130288
0.129482
0.137839
0.127607
0.133238
0.132108
0.129086
0.129656
0.127504
0.130840
0.127769
0.125233
0.129178
0.132704
0.129518
0.127714
0.128415
0.123637
0.140099
0.138420
0.129595
0.123082
0.119991
0.124359
0.126516
0.125478
0.132696
0.129968
0.124683
0.126472
0.128339
0.126522
0.122170
0.129717
0.124167
0.128564
0.125647
0.129419
0.132154
0.124193
0.131474
0.130785
0.125224
0.133051
0.117869
0.130000
0.129460
0.126555
0.123266
0.120255
0.124806
0.131764
0.124641
0.130838
0.130617
0.129985
0.135827
0.130667
0.129031
0.134135
0.129742
0.130396
0.126185
0.128130
0.126796
0.131973
0.129664
0.133491
0.125102
0.143216
0.128510
0.126723
0.128012
0.125274
0.126216
0.136344
0.126662
0.130192
0.133646
0.122361
0.119695
0.130422
0.138687
0.137803
0.124259
0.123907
0.127888
0.130860
0.130292
0.125921
0.142298
0.126629
0.125444
0.136804
0.129601
0.133401
0.130074
0.133446
0.130050
0.123687
0.126022
0.134383
0.136146
0.124456
0.119514
0.132784
0.138469
0.138218
0.143170
0.120401
0.128999
0.126681
0.130336
0.136063
0.134157
0.132946
0.128573
0.122912
0.129816
0.131542
0.125569
0.137285
0.129200
0.126181
0.126290
0.129766
0.132965
0.143679
0.137535
0.132166
0.128144
0.137467
0.123814
0.131826
0.128444
0.124015
0.132471
0.131838
0.125550
0.125304
0.123601
0.127373
0.131488
0.135162
0.130901
0.132051
0.128116
0.132486
0.126609
0.129282
0.135717
0.125600
0.131628
0.135834
0.133786
0.132288
0.135371
0.128225
0.126481
0.129574
0.131821
0.126279
0.131173
0.128171
0.134175
0.126614
0.126479
0.128489
0.124843
0.128611
0.129602
0.130101
0.134023
0.125544
0.131661
0.127673
0.130912
0.136224
0.124571
0.128380
0.129119
0.133911
0.137769
0.132737
0.146114
0.136429
0.126160
0.125479
0.126331
0.129422
0.134872
0.124430
0.118983
0.128633
0.128059
0.124552
0.126462
0.134367
0.124958
0.126944
0.127177
0.133164
0.121125
0.123659
0.133778
0.135331
0.126460
0.136552
0.134100
0.125199
0.132955
0.124628
0.130537
0.130562
0.127979
0.126603
0.125460
0.136205
0.121458
0.132480
0.133563
0.126908
0.129164
0.128087
0.124447
0.126802
0.125532
0.134526
0.127965
0.121247
0.134044
0.133616
0.140297
0.138277
0.133245
0.126477
0.129674
0.132290
0.138122
0.137352
0.131132
0.136286
0.130808
0.126015
0.130226
0.132414
0.132878
0.121496
0.130002
0.128218
0.124288
0.131862
0.130697
0.148956
0.126858
0.140281
0.127203
0.127760
0.135411
0.132530
0.125752
0.122841
0.128136
0.135382
0.121280
0.124742
0.124129
0.133059
0.128552
0.143278
0.130550
0.115681
0.138002
0.127716
0.125975
0.132730
0.130759
0.136299
0.125457
0.136696
0.138482
0.134698
0.133076
0.133968
0.133289
0.130679
0.136058
0.123314
0.127830
0.124727
0.128163
0.129246
0.127759
0.121702
0.126985
0.125496
0.132977
0.128944
0.147046
0.134630
0.133739
0.133140
0.134022
0.132290
0.130449
0.137581
0.135464
0.132294
0.130470
0.134386
0.125506
0.131913
0.134537
0.123698
0.118336
0.133340
0.132606
0.139593
0.138259
0.137390
0.132236
0.144900
0.120479
0.132232
0.122258
0.130348
0.130528
0.138297
0.127697
0.128463
0.127477
0.134999
0.139571
0.125633
0.135752
0.123074
0.119892
0.131325
0.123159
0.123341
0.134759
0.125203
0.126384
0.128585
0.125424
0.142234
0.129215
0.124275
0.134180
0.128992
0.134185
0.123407
0.124400
0.138161
0.128935
0.131599
0.124598
0.129711
0.128391
0.134344
0.129633
0.117961
0.122208
0.128205
0.125127
0.130620
0.129653
0.141438
0.124902
0.126250
0.140756
0.126552
0.133023
0.128115
0.135009
0.119146
0.128401
0.132841
0.127880
0.127921
0.136226
0.124207
0.134409
0.123167
0.139912
0.128460
0.125282
0.131939
0.135186
0.122905
0.134815
0.138226
0.126406
0.124643
0.128980
0.125838
0.127702
0.131783
0.123006
0.135762
0.133701
0.134249
0.130890
0.126218
0.126629
0.131904
0.134323
0.129124
0.127948
0.130692
0.135024
0.131335
0.129299
0.136677
0.128204
0.133351
0.129792
0.127119
0.123374
0.128452
0.131574
0.131500
0.128281
0.126467
0.126184
0.127987
0.121943
0.119317
0.133426
0.126511
0.123473
0.135145
0.128890
0.137515
0.147041
0.154337
0.146200
0.140464
0.141674
0.117923
0.131700
0.127681
0.135519
0.131747
0.129603
0.131884
0.135478
0.133709
0.134701
0.132146
0.127166
0.132405
0.125328
0.129768
0.124876
0.133467
0.128220
0.127619
0.113274
0.133903
0.136697
0.134728
0.126270
0.130564
0.126827
0.133864
0.129203
0.124457
0.126892
0.134150
0.127700
0.133195
0.125941
0.133874
0.116516
0.123651
0.132464
0.124202
0.125523
0.128851
0.135924
0.128639
0.134123
0.129993
0.123329
0.136443
0.130169
0.127695
0.125875
0.125475
0.127539
0.134033
0.131241
0.122874
0.128347
0.130408
0.119433
0.126905
0.132354
0.131384
0.134807
0.133151
0.128051
0.129521
0.137203
0.121701
0.128059
0.128959
0.133278
0.132845
0.128995
0.130865
0.124666
0.129756
0.128516
0.134624
0.128069
0.145075
0.123794
0.132366
0.129424
0.130514
0.126893
0.132140
0.121735
0.133266
0.123828
0.135956
0.132751
0.128888
0.130170
0.131230
0.125493
0.126838
0.124004
0.138173
0.127207
0.123433
0.128393
0.124887
0.124934
0.128557
0.131474
0.125817
0.124123
0.126288
0.130138
0.131686
0.135770
0.143035
0.123691
0.130922
0.129519
0.133554
0.119388
0.144266
0.126390
0.151574
0.128865
0.120418
0.133020
0.130256
0.128268
0.126111
0.129227
0.129850
0.126312
0.131816
0.135312
0.150679
0.152321
0.141829
0.119113
0.125594
0.127295
0.130366
0.127404
0.127992
0.136165
0.128421
0.129716
0.123204
0.135176
0.127279
0.132803
0.123961
0.132430
0.123712
0.135033
0.129123
0.130627
0.132616
0.123348
0.135181
0.128171
0.119782
0.126995
0.132299
0.124455
0.131851
0.133723
0.128217
0.138798
0.118415
0.128958
0.127311
0.125630
0.129844
0.135595
0.126351
0.129724
0.126730
0.124530
0.128803
0.133763
0.128012
0.125919
0.126732
