0.056299
0.063297
0.059000
0.064467
0.061915
0.060989
0.059217
0.056517
0.054910
0.056448
0.054795
0.055775
0.054398
0.061767
0.054855
0.061648
0.063268
0.056036
0.055057
0.055871
0.054812
0.060587
0.058327
0.056090
0.055027
0.056094
0.055632
0.061748
0.058200
0.058558
0.054959
0.063683
0.057142
0.059125
0.056647
0.056080
0.055353
0.065678
0.054572
0.075837
0.055179
0.063942
0.058214
0.056725
0.054935
0.056268
0.054037
0.056936
0.054902
0.056915
0.054978
0.060591
0.055874
0.056138
0.056921
0.055818
0.054266
0.057046
0.053859
0.060455
0.054644
0.056060
0.058761
0.062908
0.060408
0.055778
0.054661
0.056805
0.054207
0.057902
0.055341
0.055795
0.056588
0.063118
0.064157
0.060377
0.058491
0.057768
0.060985
0.063786
0.056115
0.060551
0.057236
0.057493
0.061519
0.059656
0.062263
0.058352
0.056902
0.057746
0.056463
0.056638
0.055837
0.061468
0.062694
0.056298
0.055520
0.059259
0.059895
0.056828
0.055971
0.057177
0.055774
0.056555
0.057338
0.057227
0.056439
0.057307
0.058421
0.060542
0.060545
0.060039
0.056604
0.057541
0.056032
0.056968
0.061913
0.057492
0.056137
0.057871
0.056173
0.075732
0.055918
0.056932
0.057230
0.056828
0.055594
0.058308
0.059555
0.065230
0.055402
0.058109
0.063146
0.061034
0.056671
0.058749
0.057591
0.058023
0.056979
0.058217
0.064118
0.060139
0.056488
0.060889
0.063970
0.058248
0.056476
0.058409
0.077461
0.069099
0.062246
0.062610
0.059161
0.057575
0.056299
0.063878
0.059370
0.058463
0.061466
0.059257
0.059823
0.058133
0.061743
0.066883
0.056171
0.057206
0.063756
0.061053
0.060087
0.059272
0.058166
0.058781
0.058429
0.059969
0.058808
0.062950
0.057892
0.059244
0.064821
0.058819
0.057600
0.058226
0.059261
0.062548
0.056860
0.058697
0.057711
0.057514
0.067342
0.060786
0.065750
0.058348
0.059740
0.058143
0.056675
0.058300
0.055948
0.056850
0.056065
0.057265
0.055925
0.077510
0.055843
0.059256
0.055156
0.077033
0.058938
0.059246
0.060474
0.055685
0.054485
0.055278
0.057306
0.062708
0.053967
0.057250
0.055354
0.055358
0.054338
0.057238
0.057626
0.059386
0.055803
0.061243
0.062507
0.058470
0.058364
0.058779
0.057008
0.058360
0.056317
0.057877
0.057746
0.057660
0.056403
0.059042
0.062357
0.057420
0.056212
0.059759
0.057232
0.059329
0.057242
0.058494
0.056690
0.061173
0.059015
0.060994
0.062662
0.060520
0.057800
0.064410
0.061185
0.059890
0.055255
0.057642
0.054624
0.056737
0.058806
0.061415
0.055037
0.058155
0.055250
0.054910
0.055299
0.060575
0.056496
0.057984
0.055263
0.058138
0.054453
0.074696
0.059755
0.061157
0.057552
0.055514
0.057584
0.055327
0.054932
0.055816
0.053503
0.056650
0.058922
0.059824
0.057641
0.063128
0.055881
0.055685
0.054802
0.056320
0.053808
0.056729
0.055674
0.062196
0.062122
0.059976
0.054980
0.075081
0.063723
0.058219
0.054496
0.057450
0.055033
0.057966
0.057075
0.061012
0.068213
0.057490
0.057231
0.057982
0.056948
0.060035
0.058985
0.058877
0.059494
0.060200
0.057113
0.060203
0.061858
0.057804
0.061650
0.056591
0.055890
0.057026
0.055879
0.059557
0.059447
0.057757
0.056555
0.063503
0.061886
0.059175
0.058229
0.060156
0.055652
0.062129
0.056208
0.056803
0.056512
0.057214
0.057120
0.061823
0.056318
0.057117
0.061344
0.059965
0.057177
0.057192
0.055853
0.056823
0.056032
0.057554
0.074704
0.058007
0.058770
0.063421
0.055495
0.058839
0.057436
0.057219
0.059475
0.063724
0.065293
0.060946
0.064738
0.057835
0.056959
0.056923
0.055771
0.058203
0.061994
0.064763
0.057947
0.062693
0.061326
0.064891
0.059909
0.060602
0.057804
0.060109
0.060400
0.065925
0.056924
0.060982
0.061976
0.057806
0.062426
0.058358
0.055997
0.056378
0.056763
0.057802
0.056075
0.056609
0.058982
0.057834
0.057442
0.063270
0.077911
0.058315
0.056220
0.057053
0.055899
0.060264
0.057957
0.057661
0.056119
0.057055
0.059775
0.060731
0.063661
0.057014
0.055896
0.056920
0.056030
0.058193
0.060193
0.058284
0.055815
0.057455
0.056049
0.063422
0.055898
0.057679
0.056416
0.056580
0.056471
0.058773
0.058186
0.056592
0.058683
0.060328
0.057506
0.062557
0.055599
0.058352
0.057141
0.058894
0.059151
0.055824
0.058806
0.056221
0.057213
0.057288
0.059813
0.062649
0.056654
0.056676
0.057666
0.062202
0.058690
0.064173
0.058700
0.057072
0.055267
0.057923
0.062271
0.063465
0.056220
0.056837
0.057460
0.062358
0.078699
0.072760
0.057362
0.058760
0.056181
0.060762
0.059659
0.057932
0.061883
0.060560
0.069152
0.061472
0.058101
0.066926
0.058457
0.061577
0.083441
0.060178
0.056593
0.060285
0.057862
0.062209
0.058605
0.058777
0.056744
0.060110
0.056270
0.061244
0.065589
0.070035
0.059370
0.058775
0.056993
0.057487
0.056090
0.062748
0.055746
0.057072
0.056173
0.059522
0.057249
0.056178
0.055351
0.059000
0.055294
0.058300
0.055223
0.055847
0.055842
0.056052
0.054383
0.064419
0.055263
0.056962
0.054750
0.058784
0.058096
0.058952
0.057875
0.057697
0.057807
0.060031
0.062154
0.068958
0.061845
0.058794
0.060566
0.058047
0.061770
0.057983
0.058925
0.060108
0.062145
0.060550
0.063917
0.061906
0.058564
0.062362
0.061231
0.059727
0.057596
0.059924
0.058742
0.059850
0.058864
0.064808
0.059983
0.059292
0.056700
0.058823
0.057577
0.059208
0.057665
0.059340
0.062947
0.060544
0.060830
0.069031
0.060152
0.058629
0.061204
0.059190
0.061265
0.060172
0.058931
0.058676
0.057366
0.061335
0.064798
0.063157
0.057421
0.059755
0.062305
0.060493
0.060966
0.058894
0.057557
0.058264
0.058290
0.061116
0.060978
0.057507
0.057320
0.057436
0.056623
0.058109
0.056314
0.057791
0.055086
0.057907
0.056037
0.063976
0.057973
0.060244
0.055740
0.059675
0.057335
0.056582
0.056097
0.055558
0.055272
0.057044
0.055502
0.061763
0.055481
0.056829
0.055813
0.055509
0.055131
0.056507
0.056344
0.056122
0.055081
0.057003
0.056028
0.061893
0.056179
0.056627
0.055456
0.056595
0.058020
0.057215
0.056638
0.057547
0.055564
0.057079
0.058379
0.064103
0.056999
0.060160
0.056585
0.058396
0.059281
0.058580
0.057838
0.063626
0.057803
0.058044
0.062133
0.060238
0.056165
0.057034
0.055716
0.062842
0.058962
0.057068
0.057611
0.055834
0.056884
0.055575
0.062333
0.056309
0.055861
0.058990
0.059125
0.056882
0.055310
0.056848
0.058967
0.056478
0.055986
0.057846
0.070707
0.059100
0.056932
0.058167
0.056606
0.058977
0.062687
0.057513
0.058044
0.057638
0.058668
0.064015
0.060404
0.060999
0.060739
0.061101
0.056790
0.058459
0.060256
0.057258
0.059747
0.057717
0.059213
0.063784
0.060278
0.059502
0.056141
0.059223
0.060328
0.062362
0.061761
0.058680
0.060408
0.057618
0.066326
0.059943
0.055277
0.056351
0.055753
0.059032
0.056145
0.058417
0.058890
0.060312
0.055413
0.061340
0.071043
0.057082
0.055619
0.056490
0.059625
0.057750
0.057736
0.057260
0.056464
0.056645
0.056132
0.060452
0.060538
0.056696
0.056096
0.057304
0.058825
0.056678
0.056422
0.057328
0.054870
0.057510
0.055136
0.059425
0.059117
0.055935
0.056028
0.061054
0.059195
0.056404
0.053817
0.058634
0.059527
0.056049
0.056690
0.062483
0.054927
0.056297
0.057618
0.058353
0.059188
0.058445
0.056752
0.058416
0.059453
0.058425
0.057521
0.063219
0.057304
0.059281
0.058104
0.060822
0.056529
0.058290
0.060287
0.060434
0.056927
0.058773
0.057685
0.062335
0.054380
0.057225
0.055868
0.056749
0.056632
0.056299
0.055795
0.056163
0.057668
0.056487
0.060255
0.057908
0.056161
0.057275
0.056289
0.057304
0.058707
0.057223
0.060766
0.061785
0.056853
0.061088
0.071375
0.058672
0.055897
0.059561
0.059282
0.057932
0.057116
0.057665
0.056455
0.057163
0.058461
0.059699
0.060705
0.057233
0.058416
0.059960
0.060057
0.057339
0.056260
0.062653
0.060845
0.056900
0.056757
0.066351
0.056856
0.061177
0.055402
0.057489
0.055001
0.056455
0.054646
0.057083
0.054080
0.056429
0.056052
0.060669
0.057804
0.056544
0.055291
0.057019
0.055349
0.063197
0.055643
0.061653
0.058164
0.057160
0.057516
0.062584
0.056143
0.057419
0.057198
0.057099
0.060219
0.059583
0.056102
0.057774
0.060310
0.059153
0.060137
0.061592
0.057249
0.063239
0.058460
0.058006
0.058751
0.058249
0.057731
0.057722
0.058075
0.058435
0.062749
0.057716
0.056735
0.058087
0.059683
0.057430
0.057377
0.058237
0.056767
0.058940
0.056752
0.059149
0.061128
0.058116
0.056638
0.058319
0.056818
0.057404
0.056836
0.057511
0.057303
0.057278
0.057448
0.062157
0.058709
0.058101
0.056342
0.058054
0.059737
0.058963
0.062496
0.057108
0.060033
0.057331
0.057244
0.064848
0.057720
0.058188
0.056641
0.058719
0.056752
0.058444
0.059338
0.057909
0.056821
0.057709
0.061255
0.061793
0.057374
0.058263
0.056928
0.058374
0.058933
0.057636
0.056420
0.057698
0.057871
0.057994
0.064171
0.058786
0.056093
0.057658
0.056192
0.057245
0.056944
0.057501
0.058038
0.057275
0.062907
0.057356
0.065930
0.059208
0.058825
0.057947
0.060976
0.059123
0.057705
0.061792
0.057483
0.061066
0.057772
0.063444
0.060000
0.058982
0.057665
0.058846
0.055427
0.056908
0.055862
0.057194
0.055371
0.065094
0.057451
0.067125
0.056698
0.058842
0.056294
0.057720
0.057600
0.057606
0.055829
0.059779
0.055949
0.058313
0.060734
0.063100
0.056738
0.058672
0.064613
0.057950
0.058501
0.062095
0.056933
0.061280
0.056492
0.057936
0.064029
0.057467
0.063704
0.058061
0.058828
0.057550
0.056472
0.058192
0.059271
0.058400
0.056451
0.060708
0.063708
0.058794
0.057322
0.057691
0.057765
0.059800
0.056127
0.060158
0.061532
0.064598
