0.060196
0.061316
0.071221
0.063556
0.070649
0.065205
0.061395
0.061953
0.061061
0.061247
0.070280
0.063007
0.061444
0.062668
0.061725
0.062148
0.064664
0.062215
0.061778
0.063413
0.061425
0.061571
0.063920
0.061743
0.060226
0.064427
0.066857
0.063157
0.063692
0.061243
0.061227
0.060465
0.059133
0.060247
0.060959
0.058318
0.059852
0.059546
0.059547
0.058965
0.060725
0.060517
0.061861
0.065080
0.060040
0.059516
0.059894
0.058537
0.060198
0.061143
0.059831
0.058777
0.060789
0.058150
0.060690
0.060866
0.061274
0.060518
0.060793
0.067001
0.060771
0.062271
0.060268
0.060758
0.061622
0.059384
0.061178
0.063279
0.060713
0.060957
0.061205
0.060966
0.060666
0.061233
0.060833
0.062550
0.062430
0.060580
0.058855
0.060376
0.058957
0.059937
0.059874
0.058772
0.059976
0.064729
0.060156
0.060897
0.067762
0.059813
0.059336
0.059995
0.063348
0.058665
0.059188
0.060322
0.059543
0.060557
0.060386
0.058378
0.059963
0.056757
0.061650
0.061241
0.061104
0.060978
0.061034
0.059861
0.064477
0.063728
0.060507
0.062151
0.061400
0.059035
0.061235
0.063352
0.059745
0.061020
0.060511
0.060042
0.059549
0.061978
0.061230
0.061017
0.063135
0.062799
0.061965
0.059903
0.060253
0.059938
0.059887
0.060120
0.060877
0.059874
0.060846
0.060399
0.062346
0.059975
0.060380
0.060484
0.059964
0.062872
0.062252
0.061072
0.059849
0.061873
0.057579
0.059234
0.061824
0.058526
0.059621
0.063830
0.060582
0.060649
0.062165
0.059964
0.060620
0.062490
0.062675
0.059459
0.062175
0.059785
0.059961
0.061235
0.061988
0.059510
0.060927
0.059371
0.060648
0.060749
0.058958
0.059399
0.061999
0.060678
0.064572
0.061354
0.061030
0.063563
0.061507
0.060919
0.060776
0.062159
0.062069
0.060109
0.059009
0.061470
0.060820
0.061803
0.063990
0.059979
0.068299
0.061741
0.061591
0.056544
0.060812
0.060946
0.061908
0.060735
0.062038
0.063212
0.062835
0.061739
0.063195
0.061460
0.060876
0.063480
0.065513
0.061935
0.063366
0.061840
0.062760
0.062723
0.061655
0.062569
0.066747
0.060938
0.061884
0.058263
0.061332
0.061647
0.060721
0.059851
0.065747
0.063139
0.060974
0.061536
0.062237
0.061277
0.059948
0.059713
0.061064
0.062181
0.061364
0.061091
0.061026
0.060806
0.060353
0.059559
0.064449
0.064834
0.060687
0.061516
0.061000
0.060409
0.061880
0.061229
0.061066
0.064210
0.060483
0.060821
0.064166
0.060332
0.060612
0.060840
0.064778
0.065294
0.062255
0.062448
0.060068
0.059395
0.061822
0.059893
0.063231
0.060835
0.064095
0.063629
0.059600
0.061962
0.057776
0.062685
0.063904
0.063393
0.062931
0.063102
0.062239
0.063075
0.062613
0.062842
0.062050
0.062142
0.063335
0.061579
0.063568
0.062967
0.061474
0.062178
0.064187
0.062310
0.060145
0.061012
0.059278
0.059106
0.061884
0.061254
0.059948
0.064147
0.061377
0.060699
0.062877
0.059939
0.060764
0.061904
0.062838
0.064586
0.062018
0.061413
0.061514
0.062226
0.061849
0.062403
0.061791
0.060591
0.061030
0.061359
0.060796
0.060223
0.062039
0.060465
0.059457
0.068586
0.060538
0.061123
0.062634
0.061680
0.060296
0.063319
0.059720
0.061294
0.061881
0.060280
0.060571
0.061983
0.062081
0.060418
0.062841
0.064588
0.060705
0.060960
0.060926
0.061115
0.061491
0.061314
0.060622
0.062761
0.061791
0.062218
0.061083
0.061316
0.060688
0.061439
0.063495
0.061413
0.064053
0.061287
0.062213
0.063658
0.060845
0.061651
0.063243
0.062200
0.062760
0.062861
0.061288
0.060962
0.061829
0.063390
0.061399
0.065764
0.062037
0.060736
0.061541
0.061539
0.061647
0.063363
0.060137
0.061221
0.062466
0.061202
0.061663
0.063028
0.060591
0.062543
0.061923
0.061713
0.059505
0.062376
0.061350
0.060587
0.061801
0.061218
0.061961
0.064330
0.062049
0.060171
0.061614
0.062645
0.062604
0.061720
0.061361
0.063975
0.061347
0.061505
0.063060
0.063670
0.063064
0.062012
0.064087
0.062471
0.062091
0.064256
0.062471
0.061848
0.063303
0.062720
0.062397
0.066287
0.063969
0.061174
0.067494
0.062298
0.062169
0.065157
0.062483
0.061965
0.061588
0.062704
0.061040
0.062215
0.060853
0.060882
0.062628
0.060573
0.058739
0.062214
0.060228
0.062794
0.060380
0.061675
0.061032
0.064274
0.062070
0.061584
0.061771
0.061355
0.059785
0.059889
0.059962
0.062083
0.068042
0.061834
0.062231
0.060240
0.061883
0.061679
0.061931
0.061604
0.062285
0.063185
0.062476
0.060680
0.062640
0.061422
0.061491
0.060459
0.064106
0.062512
0.059558
0.060907
0.063238
0.061030
0.060424
0.061298
0.061575
0.061685
0.061373
0.062038
0.059638
0.061486
0.061247
0.062134
0.066527
0.061357
0.061851
0.062489
0.062173
0.060848
0.061965
0.061965
0.063493
0.060722
0.062174
0.061842
0.058243
0.062122
0.061746
0.062181
0.065366
0.061901
0.060886
0.063040
0.062023
0.063452
0.061842
0.063336
0.062239
0.063343
0.063174
0.062753
0.063052
0.060948
0.063299
0.064051
0.068715
0.061881
0.062778
0.062492
0.061718
0.062336
0.061261
0.062280
0.061254
0.061699
0.060762
0.062437
0.061757
0.060907
0.061525
0.061017
0.059164
0.061970
0.060633
0.060024
0.056547
0.062023
0.061097
0.061849
0.061773
0.060862
0.062677
0.061363
0.062368
0.064382
0.061626
0.061409
0.059758
0.062646
0.060528
0.062734
0.061391
0.059292
0.063818
0.061664
0.061809
0.062228
0.062205
0.061553
0.060707
0.059940
0.061364
0.061210
0.066383
0.062843
0.061334
0.061550
0.061519
0.062345
0.059790
0.059604
0.061199
0.060752
0.060948
0.059936
0.060725
0.061646
0.061600
0.062165
0.060109
0.066701
0.061258
0.059997
0.060425
0.060348
0.059493
0.061186
0.062300
0.061418
0.062644
0.061579
0.061494
0.062694
0.062710
0.061167
0.062117
0.066003
0.059846
0.062464
0.062631
0.061324
0.061864
0.062754
0.060881
0.062745
0.060446
0.060861
0.061727
0.061597
0.062425
0.062492
0.062342
0.059423
0.062514
0.060928
0.061417
0.063340
0.062746
0.061244
0.062055
0.061493
0.060801
0.063031
0.061351
0.061991
0.062313
0.061763
0.062101
0.066698
0.060903
0.060265
0.061830
0.062259
0.060300
0.062568
0.061461
0.061648
0.061725
0.061192
0.059761
0.062596
0.061147
0.062391
0.063030
0.062695
0.063272
0.063295
0.061337
0.060526
0.063163
0.062939
0.061669
0.061737
0.063217
0.060300
0.062683
0.061997
0.060302
0.061857
0.058631
0.063324
0.064709
0.061308
0.062013
0.060808
0.059975
0.061715
0.062537
0.062105
0.062126
0.061296
0.061153
0.060887
0.062735
0.062026
0.060713
0.066522
0.061923
0.060269
0.062365
0.061788
0.061104
0.061389
0.062002
0.060348
0.060868
0.061220
0.060527
0.061129
0.060192
0.060709
0.060459
0.059489
0.064564
0.061088
0.059953
0.060967
0.062206
0.059694
0.062793
0.063057
0.061293
0.062705
0.061346
0.061588
0.061648
0.062807
0.061407
0.061434
0.068716
0.061465
0.061015
0.063964
0.061189
0.061056
0.062893
0.061349
0.060444
0.064205
0.062040
0.061581
0.061663
0.062027
0.061056
0.063059
0.062908
0.060190
0.062979
0.061695
0.061975
0.061873
0.061548
0.063096
0.062176
0.062064
0.060814
0.064412
0.062030
0.060935
0.063242
0.062817
0.068184
0.060991
0.057723
0.060821
0.064706
0.060381
0.063594
0.063249
0.061127
0.062094
0.073841
0.066459
0.064838
0.064622
0.064380
0.066864
0.071394
0.063921
0.062696
0.064147
0.062980
0.062774
0.064972
0.072703
0.066220
0.066987
0.063707
0.062764
0.073701
0.065574
0.061745
0.062462
0.060908
0.060641
0.061454
0.061623
0.059350
0.059898
0.059428
0.060849
0.068350
0.059668
0.069874
0.083872
0.066545
0.062694
0.067287
0.064437
0.061150
0.067082
0.067238
0.061940
0.065562
0.063186
0.062238
0.062592
0.062312
0.062337
0.061747
0.062561
0.062462
0.065117
0.064491
0.062644
0.062334
0.061697
0.062563
0.063403
0.064642
0.063283
0.063561
0.061091
0.059802
0.063543
0.060322
0.061514
0.063082
0.062546
0.063795
0.062327
0.062197
0.061252
0.063780
0.062416
0.062692
0.065913
0.064704
0.063533
0.070363
0.063157
0.063177
0.075392
0.079685
0.078435
0.062955
0.061806
0.065013
0.061314
0.065136
0.072976
0.064017
0.062852
0.061945
0.064331
0.061152
0.061029
0.068405
0.063168
0.061112
0.064208
0.062406
0.059766
0.063025
0.060278
0.062061
0.063945
0.061055
0.062639
0.062513
0.060004
0.063125
0.062196
0.060839
0.061144
0.063513
0.059505
0.061079
0.063107
0.061492
0.061362
0.064449
0.060261
0.061783
0.082690
0.064582
0.061752
0.062473
0.061581
0.062936
0.063068
0.060003
0.066116
0.062805
0.063371
0.062537
0.063889
0.063082
0.062965
0.065668
0.065209
0.064078
0.065692
0.063662
0.062644
0.065165
0.063637
0.063817
0.067355
0.063283
0.064575
0.076954
0.065231
0.062519
0.063649
0.059540
0.061373
0.062780
0.061260
0.066517
0.065368
0.075268
0.075189
0.086705
0.079765
0.062459
0.060363
0.064149
0.061630
0.062185
0.066434
0.064585
0.066832
0.068138
0.063424
0.062974
0.065515
0.073542
0.068843
0.069183
0.065514
0.064409
0.064081
0.077547
0.084520
0.085213
0.072661
0.061958
0.062998
0.062319
0.062741
0.069186
0.070399
0.066349
0.063299
0.063955
0.060056
0.060659
0.062996
0.059856
0.059077
0.062291
0.059907
0.061147
0.063793
0.059213
0.059707
0.062604
0.066125
0.071632
0.067147
0.064137
0.061238
0.065148
0.060226
0.060712
0.060969
0.060794
0.064270
0.068423
0.067813
0.068391
0.068089
0.066522
0.060942
0.060516
0.062256
0.061504
0.065952
0.062325
0.070902
0.082968
0.068673
0.063287
0.062016
0.060231
0.061679
0.061955
0.069818
0.068608
0.067184
0.067002
0.061626
0.058662
0.060060
0.059525
0.056577
0.060686
0.060898
0.065681
0.061839
0.059184
0.066396
