0.066789
0.073576
0.087701
0.076284
0.077792
0.079832
0.069912
0.073434
0.074909
0.071561
0.076163
0.078907
0.066852
0.068785
0.067992
0.071775
0.071967
0.067159
0.067248
0.070092
0.069950
0.066877
0.076043
0.077519
0.068447
0.066816
0.071700
0.072457
0.068879
0.066577
0.068015
0.072431
0.068658
0.067858
0.070660
0.070835
0.069593
0.067650
0.075201
0.097896
0.069874
0.067011
0.073940
0.075284
0.076422
0.069017
0.070131
0.067494
0.070019
0.068555
0.069167
0.070286
0.071081
0.067665
0.081596
0.076074
0.072747
0.069411
0.069155
0.068116
0.077439
0.069032
0.071630
0.071183
0.072517
0.069171
0.082588
0.083526
0.078421
0.068736
0.073974
0.069444
0.074349
0.071222
0.068946
0.070745
0.070350
0.072965
0.073855
0.069459
0.077042
0.079418
0.080645
0.077623
0.067092
0.078062
0.070325
0.067982
0.075755
0.078965
0.077052
0.073250
0.077621
0.076763
0.070264
0.069471
0.070621
0.073875
0.077824
0.079127
0.074160
0.072961
0.076671
0.068616
0.075919
0.079319
0.075657
0.075043
0.070800
0.068323
0.067876
0.075488
0.073495
0.070444
0.078285
0.068569
0.070280
0.069170
0.068343
0.071339
0.071041
0.070190
0.072831
0.072395
0.069439
0.070196
0.070722
0.070016
0.070084
0.071449
0.071814
0.068369
0.075762
0.072339
0.067731
0.074221
0.070303
0.070756
0.075437
0.075435
0.073698
0.072983
0.069745
0.067281
0.081434
0.069224
0.068451
0.072952
0.070855
0.070168
0.069766
0.074877
0.071798
0.071046
0.068476
0.069694
0.070948
0.067893
0.069889
0.069766
0.069567
0.066363
0.071881
0.070082
0.069202
0.068563
0.070429
0.070177
0.069253
0.071853
0.070029
0.071920
0.066758
0.070561
0.077250
0.074941
0.068683
0.076863
0.079019
0.066951
0.072659
0.071603
0.067951
0.069223
0.070855
0.075645
0.076635
0.070503
0.068499
0.074720
0.072730
0.073477
0.072289
0.067899
0.071081
0.071240
0.069339
0.071286
0.070318
0.067053
0.071888
0.070958
0.073297
0.066773
0.077469
0.067924
0.069809
0.069291
0.068141
0.069008
0.068880
0.069869
0.066733
0.072930
0.070028
0.070489
0.069385
0.069901
0.074618
0.068834
0.071815
0.068727
0.076712
0.072353
0.070779
0.070450
0.073004
0.073808
0.074695
0.073243
0.070694
0.071805
0.067611
0.071021
0.069640
0.072372
0.067907
0.068372
0.070941
0.068516
0.075056
0.071067
0.070288
0.073607
0.070425
0.068147
0.073250
0.073117
0.071647
0.071229
0.069831
0.069172
0.071187
0.071134
0.074836
0.072367
0.069307
0.069572
0.070839
0.068247
0.071708
0.077432
0.079608
0.073285
0.069993
0.067851
0.069579
0.070812
0.068351
0.067729
0.075353
0.072824
0.069372
0.070600
0.067991
0.068227
0.072805
0.067322
0.070726
0.075996
0.070811
0.069237
0.071166
0.069515
0.068499
0.075248
0.071692
0.069933
0.075348
0.069094
0.071885
0.082732
0.089105
0.076328
0.073268
0.074122
0.073678
0.071944
0.071403
0.072494
0.073679
0.072909
0.070958
0.068077
0.071701
0.070391
0.071179
0.072243
0.070743
0.071164
0.072771
0.070371
0.070222
0.072700
0.069466
0.070359
0.073086
0.072056
0.073742
0.070173
0.073264
0.078195
0.071705
0.074712
0.068956
0.071264
0.075074
0.074502
0.068750
0.069252
0.075623
0.067764
0.068395
0.068438
0.070305
0.069225
0.069738
0.067977
0.075497
0.067447
0.067317
0.061640
0.069989
0.069213
0.069658
0.068156
0.068998
0.074054
0.067473
0.068483
0.074852
0.079922
0.075253
0.072286
0.066584
0.068298
0.070662
0.070632
0.072698
0.071158
0.069499
0.071606
0.070814
0.067179
0.068020
0.074833
0.069530
0.069575
0.070803
0.072324
0.067868
0.071091
0.067695
0.067972
0.074719
0.065219
0.070380
0.072449
0.071144
0.072936
0.073042
0.069972
0.073672
0.070728
0.069730
0.065341
0.070746
0.068520
0.068211
0.072622
0.069630
0.069101
0.076201
0.072061
0.069461
0.073982
0.074250
0.072639
0.073423
0.070323
0.067523
0.067295
0.067707
0.069826
0.070909
0.071617
0.068717
0.074252
0.079456
0.077006
0.076056
0.069655
0.069401
0.069263
0.068614
0.068604
0.076173
0.072952
0.068334
0.072357
0.069366
0.071879
0.069536
0.068676
0.066779
0.070600
0.069286
0.070794
0.073184
0.074878
0.072288
0.081617
0.067040
0.069858
0.072308
0.070304
0.071153
0.072614
0.069439
0.070816
0.072279
0.069316
0.069679
0.072779
0.075372
0.076816
0.072806
0.067109
0.071379
0.071289
0.074794
0.072093
0.079551
0.082622
0.080649
0.070539
0.066696
0.073448
0.066022
0.070033
0.070300
0.072359
0.068430
0.066320
0.069023
0.074137
0.076782
0.072227
0.072685
0.071375
0.070271
0.075101
0.064852
0.069940
0.072152
0.072527
0.069936
0.069935
0.072990
0.067376
0.070763
0.070442
0.069949
0.071505
0.071826
0.072486
0.078674
0.076050
0.074728
0.068348
0.077375
0.076276
0.075275
0.074774
0.067697
0.072052
0.070804
0.069977
0.067341
0.072787
0.073361
0.074646
0.069547
0.071255
0.076090
0.075188
0.074488
0.072611
0.077243
0.069059
0.071591
0.072409
0.074146
0.073307
0.070118
0.068086
0.069471
0.073257
0.070160
0.068511
0.072122
0.074343
0.076746
0.070338
0.070263
0.072245
0.077828
0.073678
0.068184
0.073799
0.069459
0.072194
0.071071
0.070375
0.072715
0.070891
0.073253
0.071349
0.072614
0.067096
0.070061
0.074881
0.074811
0.073418
0.071063
0.067880
0.070046
0.074339
0.068880
0.075618
0.081857
0.066815
0.069881
0.075161
0.072120
0.070439
0.072481
0.071737
0.073592
0.078206
0.080257
0.077278
0.071376
0.074765
0.074253
0.070642
0.071421
0.073833
0.070657
0.072433
0.076943
0.076665
0.077052
0.071517
0.070548
0.080042
0.075292
0.073207
0.069092
0.072635
0.068763
0.070254
0.069047
0.070389
0.068679
0.073625
0.072333
0.067196
0.072189
0.069166
0.068067
0.071235
0.067736
0.074350
0.076039
0.075124
0.079959
0.075484
0.070580
0.070250
0.071006
0.070610
0.069797
0.071374
0.068862
0.070861
0.078496
0.066740
0.069181
0.070156
0.069306
0.070514
0.071748
0.069515
0.069379
0.075322
0.073429
0.076139
0.072852
0.076355
0.073941
0.073455
0.070629
0.069793
0.068814
0.069732
0.070769
0.073306
0.068807
0.070332
0.071782
0.069746
0.070558
0.075414
0.076454
0.069534
0.070927
0.071627
0.069235
0.071924
0.069264
0.069249
0.075148
0.069028
0.068459
0.073042
0.076793
0.068605
0.074032
0.070317
0.074582
0.072948
0.076163
0.075696
0.074443
0.072673
0.069709
0.075830
0.075253
0.068024
0.070800
0.069220
0.070429
0.071807
0.074531
0.071977
0.070231
0.067754
0.070419
0.069811
0.074603
0.077530
0.070947
0.072525
0.073847
0.070547
0.068219
0.067591
0.074536
0.069412
0.069997
0.072439
0.071065
0.071025
0.073590
0.070627
0.069342
0.069837
0.069029
0.072132
0.077706
0.068404
0.073710
0.077123
0.067524
0.070411
0.069206
0.072915
0.074186
0.071916
0.070868
0.074184
0.072677
0.069491
0.071305
0.079608
0.081131
0.068043
0.071156
0.069450
0.073426
0.075856
0.071653
0.072425
0.079112
0.077515
0.068459
0.072981
0.068786
0.068017
0.070033
0.070405
0.075304
0.066470
0.070704
0.070986
0.070797
0.071188
0.070877
0.070581
0.069580
0.071360
0.069706
0.070453
0.070797
0.077529
0.077875
0.079488
0.069386
0.070155
0.072720
0.073858
0.070336
0.070460
0.076039
0.074766
0.070705
0.076288
0.077970
0.076769
0.068323
0.069822
0.071469
0.073853
0.067477
0.072722
0.070919
0.068200
0.071267
0.076053
0.073546
0.074601
0.073449
0.068288
0.068586
0.078299
0.068394
0.067326
0.074188
0.072810
0.070215
0.071413
0.068481
0.069418
0.079077
0.067399
0.072080
0.071426
0.075850
0.076859
0.080466
0.066581
0.073213
0.067397
0.070551
0.070403
0.071632
0.071641
0.067148
0.083755
0.086730
0.089342
0.070239
0.095028
0.106917
0.096956
0.099366
0.091975
0.098280
0.093723
0.096111
0.084684
0.089333
0.070912
0.076263
0.078266
0.077812
0.079446
0.080680
0.075679
0.069333
0.075589
0.069802
0.070818
0.071234
0.069225
0.069221
0.074352
0.069107
0.072486
0.081330
0.091423
0.086341
0.069662
0.069816
0.071482
0.071393
0.072739
0.071319
0.069451
0.072194
0.078859
0.078636
0.070689
0.078313
0.066937
0.069610
0.071992
0.072213
0.075367
0.072743
0.065817
0.071406
0.072986
0.070400
0.071430
0.073718
0.079667
0.074767
0.075381
0.073633
0.071611
0.073139
0.083699
0.090702
0.071497
0.090682
0.088644
0.086989
0.087238
0.093595
0.085908
0.088767
0.085527
0.083852
0.081281
0.076058
0.076430
0.073736
0.072644
0.083794
0.082133
0.080510
0.081172
0.083974
0.084891
0.079291
0.069601
0.088516
0.076908
0.081848
0.080507
0.077655
0.080212
0.078338
0.081253
0.077057
0.086619
0.080506
0.078595
0.081419
0.079655
0.073486
0.079488
0.079926
0.071054
0.073750
0.071338
0.073371
0.074198
0.076357
0.081647
0.088367
0.086943
0.083160
0.088155
0.077405
0.072254
0.073986
0.072619
0.073467
0.075350
0.085290
0.089066
0.084284
0.080504
0.077553
0.088571
0.086790
0.096401
0.100919
0.088020
0.092043
0.103845
0.095664
0.085197
0.093340
0.094062
0.098883
0.083792
0.096479
0.098505
0.095261
0.095725
0.095449
0.074310
0.077913
0.079680
0.077702
0.079514
0.080025
0.075079
0.070980
0.072328
0.068638
0.070602
0.072186
0.070944
0.067598
0.080156
0.078211
0.073417
0.074843
0.069239
0.078306
0.083826
0.064031
0.074232
0.075081
0.071766
0.073493
0.073403
0.071678
0.077026
0.080170
0.077138
0.077786
0.069158
0.069660
0.073084
0.085058
0.082630
0.070692
0.094633
0.072864
0.080965
0.082281
0.079753
0.086510
0.080850
0.082082
0.090103
0.075856
0.073561
0.071846
0.076632
0.073519
0.075345
0.077240
0.072997
0.074594
0.075496
0.079689
0.081317
0.079725
0.074921
0.073016
0.075350
0.066267
0.078182
