0.138327
0.135950
0.139342
0.137512
0.137369
0.138111
0.158161
0.136861
0.145393
0.136678
0.136573
0.138330
0.151879
0.140744
0.134903
0.137542
0.136097
0.137878
0.138477
0.134124
0.128718
0.131572
0.144313
0.140891
0.136233
0.154436
0.140488
0.147597
0.129527
0.144186
0.140981
0.139919
0.137847
0.140121
0.136195
0.132609
0.142678
0.137350
0.134114
0.140597
0.132207
0.137512
0.137647
0.143883
0.143342
0.135014
0.138740
0.133088
0.135134
0.137239
0.137385
0.144233
0.137316
0.140639
0.140826
0.141199
0.138378
0.142843
0.142379
0.145779
0.147897
0.142088
0.148334
0.133254
0.137093
0.135869
0.141408
0.135291
0.132332
0.133606
0.136152
0.146044
0.133217
0.146605
0.134079
0.134905
0.148580
0.141004
0.134739
0.132864
0.135986
0.139648
0.133241
0.138470
0.145187
0.136066
0.137942
0.139843
0.134730
0.156506
0.146943
0.135351
0.131936
0.140010
0.143868
0.148649
0.144943
0.137725
0.139760
0.146960
0.142713
0.133809
0.134388
0.139466
0.154834
0.142115
0.140556
0.142996
0.144385
0.128860
0.131247
0.134242
0.142595
0.140493
0.135310
0.134426
0.142038
0.155925
0.135774
0.139267
0.140586
0.135164
0.137278
0.144345
0.130309
0.137878
0.138119
0.144582
0.141449
0.138403
0.137499
0.146147
0.148230
0.143067
0.148430
0.130438
0.139702
0.136701
0.133632
0.137789
0.144649
0.146554
0.131624
0.140184
0.144834
0.143760
0.167336
0.148359
0.143248
0.140861
0.136218
0.141509
0.135496
0.146565
0.135199
0.136351
0.147362
0.143346
0.144457
0.139718
0.137505
0.138366
0.144726
0.133253
0.138916
0.146139
0.142686
0.142394
0.136063
0.133678
0.133921
0.145588
0.136012
0.141756
0.127556
0.139254
0.154847
0.142966
0.142533
0.142469
0.130920
0.135484
0.141449
0.144443
0.139878
0.132470
0.137353
0.139212
0.145160
0.135227
0.149251
0.144696
0.142838
0.137205
0.143184
0.135322
0.144261
0.138510
0.142009
0.141293
0.136514
0.144109
0.138309
0.139242
0.137758
0.142059
0.139125
0.143958
0.145770
0.138671
0.137485
0.141151
0.152192
0.133380
0.133032
0.135344
0.136089
0.139958
0.142512
0.135175
0.140452
0.138443
0.150157
0.138133
0.135358
0.147595
0.138152
0.149996
0.142669
0.136455
0.145490
0.139304
0.138191
0.137245
0.140616
0.145649
0.135053
0.138864
0.139892
0.138863
0.141615
0.144789
0.137811
0.149262
0.139094
0.143691
0.139051
0.145016
0.139626
0.143082
0.138812
0.137744
0.153413
0.147378
0.149116
0.142758
0.137644
0.145854
0.137138
0.143605
0.133119
0.140600
0.146876
0.143551
0.145022
0.138214
0.143066
0.140162
0.146685
0.135078
0.140890
0.139838
0.150571
0.136333
0.134113
0.133136
0.128227
0.139355
0.147987
0.139498
0.147217
0.144774
0.148014
0.143551
0.142187
0.146697
0.139274
0.139152
0.144311
0.141409
0.154679
0.146795
0.132024
0.140017
0.145296
0.142865
0.145943
0.146905
0.135235
0.136592
0.143946
0.139689
0.138046
0.147958
0.142598
0.144205
0.139109
0.144740
0.135630
0.147752
0.147283
0.140094
0.144095
0.137227
0.136947
0.134016
0.144120
0.130419
0.140097
0.144612
0.138689
0.132119
0.135779
0.156955
0.150858
0.136118
0.136622
0.149953
0.146121
0.140819
0.137709
0.133787
0.140192
0.144833
0.134938
0.151097
0.142756
0.134803
0.138172
0.137978
0.135910
0.153603
0.136006
0.134443
0.139877
0.136143
0.144937
0.147590
0.132016
0.136781
0.143293
0.144150
0.138711
0.141408
0.139038
0.139083
0.141926
0.135744
0.140292
0.131773
0.130715
0.143601
0.129128
0.141932
0.143673
0.135946
0.141247
0.144285
0.144690
0.139329
0.148840
0.144411
0.139932
0.140933
0.137820
0.142070
0.139409
0.140567
0.145822
0.136859
0.137242
0.145940
0.135089
0.141841
0.133914
0.145532
0.157336
0.148604
0.148904
0.142224
0.135735
0.137950
0.143552
0.137791
0.134227
0.139052
0.132717
0.145544
0.133178
0.159280
0.140302
0.137796
0.139640
0.132651
0.134555
0.142572
0.140530
0.140488
0.140151
0.144588
0.148976
0.149737
0.155459
0.133772
0.143934
0.148809
0.134866
0.148952
0.146145
0.140306
0.141041
0.140448
0.135809
0.137771
0.141516
0.133339
0.147539
0.136202
0.134828
0.137326
0.141641
0.142020
0.145264
0.140495
0.144163
0.145456
0.145906
0.134280
0.135084
0.141750
0.138282
0.147179
0.144001
0.135864
0.137365
0.136656
0.137576
0.135173
0.140041
0.151282
0.143892
0.147079
0.139495
0.140267
0.143108
0.148026
0.146032
0.140135
0.137285
0.137585
0.138069
0.142400
0.148880
0.140479
0.141877
0.144555
0.137196
0.145032
0.140503
0.138751
0.136698
0.141498
0.143048
0.135620
0.141064
0.142048
0.145818
0.146703
0.138315
0.146607
0.148184
0.132999
0.145242
0.135715
0.135115
0.138856
0.137691
0.146425
0.137755
0.131947
0.131781
0.151137
0.137342
0.131290
0.135402
0.137328
0.133194
0.137795
0.138750
0.136268
0.134366
0.138047
0.139403
0.148205
0.142621
0.148379
0.143988
0.144886
0.133374
0.136392
0.141057
0.143680
0.144027
0.141625
0.133405
0.137367
0.134660
0.135767
0.139266
0.141051
0.141431
0.139938
0.143493
0.135063
0.145887
0.148635
0.140982
0.143938
0.132155
0.132773
0.133601
0.149576
0.138277
0.143521
0.144873
0.144200
0.144030
0.143730
0.150950
0.134621
0.137517
0.140279
0.143921
0.146706
0.152911
0.142199
0.140382
0.144286
0.145777
0.138627
0.150119
0.139101
0.135326
0.142705
0.130736
0.137945
0.138671
0.141285
0.133470
0.143383
0.133580
0.139536
0.142433
0.160641
0.141088
0.137458
0.144159
0.138359
0.139660
0.141289
0.147178
0.140361
0.140177
0.153902
0.139211
0.152984
0.147854
0.140352
0.142034
0.138741
0.137507
0.137856
0.149095
0.133841
0.138256
0.134818
0.132876
0.140814
0.150035
0.141767
0.142394
0.145461
0.137205
0.130332
0.144788
0.140471
0.147951
0.137407
0.140690
0.130023
0.141121
0.147615
0.134402
0.131727
0.131114
0.134937
0.138335
0.133437
0.135657
0.137656
0.138674
0.136562
0.143766
0.133057
0.136320
0.141242
0.142794
0.153250
0.154312
0.151845
0.147372
0.142199
0.144485
0.142630
0.142164
0.135293
0.144504
0.135164
0.141395
0.136764
0.134750
0.145130
0.135531
0.138337
0.146645
0.141886
0.144800
0.135372
0.138435
0.147683
0.136271
0.134518
0.135781
0.142057
0.143585
0.138328
0.140620
0.145214
0.135739
0.148603
0.137023
0.139730
0.152966
0.140772
0.143693
0.151807
0.142893
0.136610
0.139972
0.138693
0.139889
0.143571
0.134014
0.134877
0.148958
0.147672
0.143575
0.139806
0.143265
0.140305
0.136710
0.142187
0.144751
0.136109
0.135594
0.140277
0.134522
0.144193
0.143795
0.144586
0.135937
0.140483
0.140860
0.139132
0.135102
0.152840
0.137410
0.139175
0.136013
0.142930
0.142810
0.138194
0.136314
0.138127
0.143490
0.131368
0.143561
0.139320
0.132041
0.133685
0.136687
0.131241
0.144295
0.134583
0.131143
0.144278
0.135548
0.164409
0.145490
0.140176
0.136315
0.137981
0.149240
0.138751
0.142882
0.141209
0.143327
0.137443
0.134724
0.143060
0.140020
0.144569
0.143051
0.148210
0.141229
0.136711
0.133690
0.145895
0.130602
0.136392
0.148207
0.138603
0.132373
0.148775
0.146430
0.143995
0.136490
0.135826
0.143462
0.145647
0.151294
0.143751
0.144300
0.135107
0.148323
0.140604
0.146416
0.140162
0.147127
0.135012
0.144822
0.140395
0.137214
0.144550
0.146477
0.139657
0.138097
0.141403
0.135526
0.140380
0.132967
0.130895
0.147870
0.137392
0.137493
0.142042
0.140174
0.137758
0.151959
0.142149
0.131575
0.137760
0.137842
0.146796
0.140685
0.137420
0.133627
0.138013
0.135919
0.132990
0.134910
0.143904
0.140997
0.137210
0.134897
0.136051
0.141347
0.145474
0.131427
0.144190
0.134141
0.132671
0.145094
0.140896
0.137575
0.153079
0.141783
0.138427
0.139342
0.135396
0.137702
0.132809
0.141706
0.138496
0.146388
0.159974
0.139378
0.146863
0.138002
0.136588
0.141668
0.148811
0.138385
0.131330
0.139431
0.143524
0.140770
0.144472
0.140881
0.135984
0.142905
0.134774
0.137618
0.138357
0.136017
0.142297
0.137039
0.143003
0.137300
0.151983
0.151944
0.130865
0.132452
0.140190
0.140412
0.150036
0.145261
0.140811
0.134237
0.137094
0.133041
0.137130
0.138205
0.139069
0.132829
0.140428
0.134179
0.148375
0.142811
0.142792
0.142658
0.131635
0.130212
0.142719
0.140393
0.143672
0.131919
0.147738
0.140201
0.139354
0.136233
0.145668
0.136429
0.136102
0.140756
0.135651
0.142424
0.141499
0.143140
0.139087
0.139023
0.131652
0.135708
0.143177
0.134569
0.136056
0.245940
0.167907
0.146459
0.145984
0.132284
0.132755
0.140643
0.137333
0.128220
0.140292
0.138594
0.139864
0.138354
0.138815
0.146770
0.139131
0.154217
0.136078
0.137909
0.142373
0.137585
0.135247
0.140401
0.136990
0.142556
0.149945
0.144073
0.139703
0.145548
0.145063
0.137243
0.138246
0.137396
0.146059
0.145665
0.146157
0.141392
0.136307
0.142820
0.142346
0.138274
0.157226
0.138601
0.136943
0.140282
0.138251
0.151411
0.156598
0.140673
0.133781
0.141556
0.137290
0.144096
0.145407
0.144947
0.149214
0.144241
0.141265
0.136722
0.141470
0.139884
0.143533
0.136467
0.134324
0.135867
0.132106
0.134990
0.138379
0.132916
0.137660
0.133617
0.134491
0.136132
0.141538
0.142371
0.138051
0.140124
0.159637
0.132753
0.151319
0.145547
0.146335
0.134026
0.143140
0.147413
0.138406
0.138716
0.133698
0.135522
0.135429
0.134897
0.138629
0.139779
0.157975
0.134359
0.139793
0.144934
0.143502
0.142301
0.130068
0.131296
0.144939
0.133102
0.147000
0.143931
0.143356
0.138649
0.138836
0.138990
0.138521
0.146007
0.135815
0.130864
0.132831
0.145805
0.137725
0.142283
0.157634
0.139761
0.133921
0.145328
0.140110
0.145337
0.147853
