0.138911
0.109485
0.113468
0.106700
0.104048
0.117400
0.116785
0.106932
0.118582
0.113368
0.105429
0.103991
0.098787
0.104678
0.112430
0.102224
0.105037
0.108206
0.104171
0.101613
0.101004
0.103324
0.102689
0.112527
0.105478
0.101933
0.110846
0.104156
0.107037
0.100869
0.105614
0.102360
0.108980
0.102758
0.118196
0.102639
0.100815
0.100054
0.102446
0.108521
0.101171
0.108034
0.117052
0.107386
0.111524
0.101187
0.107439
0.103789
0.103864
0.105205
0.111540
0.107915
0.102048
0.103514
0.102353
0.108126
0.103040
0.106945
0.104844
0.109636
0.106731
0.103274
0.100461
0.108178
0.099496
0.102176
0.107656
0.124834
0.105653
0.103319
0.100793
0.107705
0.102627
0.104579
0.106758
0.112938
0.103435
0.106595
0.105206
0.103737
0.105966
0.103908
0.105705
0.118625
0.107251
0.106737
0.109786
0.102142
0.097332
0.104490
0.101378
0.111845
0.110592
0.099191
0.102697
0.101086
0.107863
0.104677
0.103552
0.104691
0.110166
0.104317
0.103381
0.117397
0.103894
0.104804
0.104811
0.104981
0.113602
0.112246
0.115253
0.103769
0.105609
0.103183
0.105966
0.107207
0.109190
0.107763
0.103182
0.108070
0.108001
0.103812
0.107121
0.103635
0.120942
0.104384
0.103039
0.103231
0.101801
0.103070
0.105408
0.101660
0.112825
0.109751
0.101619
0.105445
0.107308
0.123294
0.103100
0.103993
0.114757
0.103381
0.103680
0.109092
0.103414
0.103908
0.123074
0.116353
0.114212
0.102535
0.102329
0.110351
0.107446
0.110745
0.115142
0.111654
0.112776
0.104324
0.108569
0.108781
0.104628
0.106732
0.104056
0.105397
0.111540
0.100771
0.113638
0.101801
0.104581
0.101783
0.104632
0.113795
0.121210
0.107682
0.102607
0.110927
0.102568
0.102567
0.102423
0.101736
0.113138
0.111797
0.113266
0.107462
0.105548
0.103344
0.104600
0.100058
0.107861
0.112318
0.107696
0.105618
0.104270
0.101895
0.106710
0.115424
0.103482
0.107425
0.110695
0.103332
0.112218
0.101414
0.119010
0.102494
0.105593
0.119774
0.106055
0.103818
0.124659
0.102481
0.106095
0.115303
0.115680
0.105640
0.103044
0.099793
0.107712
0.104596
0.113595
0.109738
0.107798
0.110042
0.108920
0.103547
0.102915
0.104693
0.100394
0.101920
0.103734
0.108024
0.105597
0.107148
0.106796
0.104695
0.105405
0.105635
0.110532
0.109261
0.104021
0.102778
0.106959
0.103238
0.102728
0.110495
0.106992
0.121215
0.101889
0.109314
0.108928
0.100606
0.103187
0.108839
0.102736
0.108329
0.105324
0.103897
0.109342
0.101291
0.103990
0.103867
0.114091
0.107575
0.119134
0.105960
0.104444
0.107790
0.114802
0.114856
0.105434
0.113028
0.111254
0.105442
0.110826
0.110845
0.107784
0.100205
0.106170
0.108361
0.110011
0.105308
0.111746
0.108004
0.107178
0.099791
0.105872
0.106746
0.104203
0.103506
0.108637
0.099578
0.100413
0.111230
0.118706
0.103744
0.106958
0.105130
0.104883
0.104998
0.104619
0.103399
0.110767
0.103392
0.112390
0.103285
0.105527
0.109789
0.104338
0.119472
0.115142
0.104035
0.107376
0.101402
0.110757
0.111914
0.102891
0.104183
0.102478
0.104926
0.112959
0.105436
0.109010
0.106776
0.112891
0.102802
0.104209
0.104089
0.117916
0.104775
0.108648
0.111790
0.119016
0.102916
0.114894
0.103068
0.111549
0.105628
0.108736
0.106261
0.101819
0.103470
0.109014
0.103091
0.107226
0.103414
0.125454
0.113110
0.102770
0.102434
0.105951
0.102761
0.117257
0.108926
0.102531
0.107730
0.105127
0.100760
0.104305
0.104015
0.114339
0.106136
0.102146
0.117659
0.105137
0.105816
0.104356
0.111584
0.112039
0.108395
0.106466
0.105142
0.110132
0.106154
0.103116
0.107644
0.113710
0.114365
0.109744
0.102390
0.111049
0.107393
0.122056
0.103282
0.119369
0.105646
0.107094
0.106140
0.103520
0.103662
0.106772
0.113896
0.110350
0.105757
0.106690
0.117633
0.108514
0.105667
0.115921
0.114072
0.112706
0.107159
0.106467
0.114580
0.103849
0.108321
0.114538
0.108376
0.108695
0.105632
0.103478
0.102476
0.112208
0.106040
0.101639
0.102458
0.128384
0.103026
0.108273
0.097974
0.103341
0.101776
0.104310
0.110139
0.109958
0.103590
0.115109
0.103362
0.112751
0.103206
0.104235
0.109675
0.117862
0.102690
0.104249
0.100847
0.114656
0.119351
0.103362
0.103432
0.112822
0.112418
0.102900
0.102724
0.106039
0.105449
0.119859
0.113596
0.122497
0.103282
0.105092
0.106438
0.115796
0.104468
0.109873
0.102289
0.129098
0.103171
0.115008
0.103274
0.106671
0.110730
0.104345
0.101849
0.117708
0.104375
0.107645
0.109464
0.106431
0.103828
0.108542
0.105924
0.118891
0.108578
0.102723
0.103242
0.108319
0.100359
0.106783
0.111339
0.119057
0.105669
0.108304
0.106448
0.105641
0.105318
0.116003
0.110275
0.114457
0.116765
0.104989
0.108118
0.104993
0.106312
0.115333
0.108496
0.117043
0.105756
0.103655
0.112886
0.107731
0.102097
0.120080
0.111306
0.113413
0.108284
0.114353
0.105998
0.115573
0.108019
0.105283
0.102559
0.111973
0.103487
0.107503
0.108495
0.117295
0.104556
0.109365
0.102563
0.127959
0.103148
0.104293
0.111814
0.102905
0.103969
0.106440
0.107879
0.110954
0.112558
0.111480
0.102337
0.112676
0.102781
0.107329
0.104300
0.113870
0.106668
0.105298
0.105609
0.108991
0.101613
0.108321
0.109277
0.112155
0.105208
0.104819
0.116049
0.103814
0.116687
0.106708
0.110244
0.107055
0.105503
0.109292
0.112523
0.101387
0.102503
0.118466
0.113833
0.118363
0.104624
0.104727
0.112361
0.105730
0.104632
0.104715
0.105975
0.110151
0.110263
0.116933
0.110574
0.109047
0.101678
0.112049
0.106693
0.112892
0.109270
0.114335
0.100870
0.100666
0.100930
0.102311
0.103859
0.109525
0.115377
0.111047
0.101992
0.103720
0.104896
0.104090
0.100297
0.112104
0.104454
0.108040
0.108416
0.108349
0.103254
0.109812
0.106540
0.117337
0.101730
0.107638
0.098430
0.108633
0.100392
0.102272
0.100425
0.106260
0.102300
0.101937
0.100683
0.103331
0.100091
0.109998
0.102773
0.105511
0.108966
0.112629
0.105566
0.105737
0.109313
0.108465
0.103497
0.114193
0.108681
0.105320
0.105696
0.103660
0.100241
0.111334
0.102854
0.106998
0.112364
0.114114
0.103057
0.105513
0.112073
0.114049
0.099861
0.102648
0.105698
0.104096
0.102064
0.106752
0.101614
0.109064
0.103277
0.104672
0.112969
0.104052
0.105562
0.107895
0.105513
0.104143
0.101913
0.105382
0.119034
0.102935
0.101664
0.105429
0.103182
0.102644
0.104476
0.114647
0.112837
0.108894
0.101794
0.115330
0.105715
0.107379
0.102542
0.119723
0.111106
0.117389
0.118971
0.103551
0.107295
0.103269
0.105794
0.114133
0.120480
0.103001
0.102377
0.107993
0.104749
0.105509
0.113963
0.104503
0.112042
0.105362
0.105000
0.111313
0.120713
0.106434
0.110292
0.104836
0.108772
0.115440
0.106722
0.107757
0.108377
0.114282
0.106436
0.107222
0.122660
0.105163
0.107622
0.118308
0.103461
0.109979
0.109795
0.107458
0.116784
0.105485
0.111820
0.103631
0.105704
0.108625
0.102439
0.103414
0.116504
0.103141
0.103935
0.104509
0.102877
0.104888
0.104302
0.103960
0.120638
0.110399
0.102384
0.106591
0.106343
0.114935
0.106222
0.102721
0.110931
0.105611
0.103774
0.104870
0.104318
0.106432
0.107698
0.108458
0.112834
0.108539
0.103869
0.109803
0.105168
0.117204
0.103272
0.110931
0.108513
0.103021
0.108038
0.105684
0.105635
0.113297
0.103916
0.120264
0.108503
0.105941
0.107704
0.103008
0.104019
0.106225
0.111391
0.108622
0.113530
0.108155
0.104367
0.113641
0.103542
0.105495
0.105073
0.107458
0.114259
0.110898
0.107437
0.103984
0.111702
0.108264
0.103544
0.103704
0.114971
0.105661
0.109294
0.104084
0.106957
0.105308
0.124056
0.108535
0.117730
0.110918
0.115642
0.104364
0.102741
0.105428
0.106098
0.103211
0.115579
0.103464
0.110261
0.103265
0.103933
0.107242
0.111907
0.108028
0.117676
0.104621
0.117072
0.109951
0.106702
0.105499
0.109065
0.109888
0.123642
0.107550
0.105824
0.102101
0.108544
0.102406
0.103893
0.108111
0.111723
0.104620
0.100781
0.103768
0.107128
0.103579
0.105350
0.103036
0.120551
0.106808
0.104229
0.109006
0.109860
0.103338
0.104685
0.105505
0.120875
0.104370
0.113074
0.098443
0.107250
0.103542
0.102877
0.103824
0.121971
0.116781
0.130343
0.111774
0.103825
0.106424
0.110634
0.103506
0.118609
0.106987
0.116217
0.105713
0.105808
0.117891
0.104344
0.116558
0.122055
0.101039
0.111840
0.101255
0.101957
0.103531
0.105735
0.106007
0.111519
0.101665
0.101744
0.102249
0.101229
0.101635
0.104889
0.108106
0.118036
0.109851
0.105828
0.104886
0.104939
0.112756
0.100752
0.104093
0.117796
0.108394
0.113957
0.102969
0.105569
0.103717
0.104030
0.103314
0.107107
0.111394
0.107897
0.110739
0.104866
0.102210
0.102621
0.102972
0.104924
0.116866
0.107205
0.106508
0.106047
0.106019
0.104800
0.106808
0.126307
0.105987
0.117521
0.110821
0.105770
0.105495
0.115257
0.104839
0.113717
0.105961
0.105706
0.110070
0.112504
0.101460
0.110074
0.107675
0.117271
0.109762
0.123533
0.112379
0.099658
0.100418
0.104444
0.125934
0.121147
0.105774
0.102692
0.102020
0.106862
0.108572
0.101267
0.115718
0.112252
0.120169
0.099519
0.115559
0.110091
0.105830
0.104206
0.104869
0.111812
0.103321
0.107766
0.103033
0.106457
0.105508
0.112353
0.108641
0.118816
0.102249
0.103726
0.104982
0.111331
0.100907
0.105107
0.105933
0.133166
0.103275
0.114121
0.101912
0.119860
0.101318
0.101971
0.102007
0.116766
0.102917
0.104939
0.101256
0.099655
0.109098
0.106006
0.102401
0.108766
0.111696
0.109968
0.104393
0.111338
0.108455
0.112235
0.107057
0.121300
0.117115
0.114815
0.113159
0.100366
0.114211
0.102491
0.111629
0.115489
