0.058425
0.064630
0.061327
0.058522
0.058883
0.055376
0.058318
0.059751
0.060157
0.055857
0.056365
0.062526
0.058574
0.058428
0.056348
0.068532
0.060494
0.056491
0.061474
0.059681
0.058039
0.058466
0.058872
0.059088
0.061677
0.057545
0.056819
0.057872
0.057653
0.059956
0.058829
0.056644
0.057489
0.056132
0.059082
0.059112
0.059032
0.056462
0.061378
0.063691
0.059298
0.059267
0.064402
0.060554
0.057910
0.055222
0.059516
0.061004
0.061007
0.060767
0.058014
0.056945
0.058363
0.062371
0.068352
0.057242
0.055610
0.059302
0.062055
0.060610
0.063598
0.060693
0.060262
0.059233
0.058998
0.059387
0.054879
0.061204
0.057703
0.056144
0.055401
0.056685
0.057381
0.060125
0.057780
0.058757
0.054698
0.053801
0.057457
0.057623
0.058368
0.058520
0.058666
0.055548
0.058898
0.056852
0.058970
0.060611
0.059374
0.058609
0.059382
0.055966
0.057252
0.058346
0.058250
0.059240
0.059510
0.056948
0.057700
0.059935
0.055936
0.056895
0.057645
0.056111
0.057366
0.055494
0.061738
0.061312
0.060876
0.058845
0.058456
0.059731
0.056953
0.059457
0.057051
0.057648
0.060175
0.056559
0.060278
0.058088
0.057669
0.055535
0.057061
0.056676
0.057919
0.072411
0.056888
0.055634
0.054341
0.059275
0.058711
0.056681
0.058136
0.058484
0.058200
0.056617
0.056864
0.054979
0.057447
0.058482
0.055898
0.057101
0.058028
0.056374
0.063923
0.064136
0.060533
0.056370
0.057705
0.055355
0.055678
0.060102
0.058462
0.059758
0.058997
0.058445
0.056842
0.063291
0.062173
0.057403
0.058783
0.059120
0.057752
0.061665
0.056660
0.056381
0.060594
0.059869
0.061449
0.057891
0.061527
0.059444
0.061901
0.056176
0.060177
0.059463
0.058515
0.060958
0.061822
0.060579
0.057817
0.059018
0.057090
0.057074
0.059501
0.059960
0.059271
0.060674
0.058492
0.057931
0.058354
0.059028
0.061424
0.056696
0.058901
0.059046
0.060980
0.057142
0.058154
0.060520
0.059912
0.058684
0.059942
0.058582
0.058061
0.054929
0.059971
0.055933
0.056671
0.056951
0.058055
0.057922
0.059098
0.055767
0.057095
0.056453
0.059362
0.057800
0.054464
0.058233
0.059071
0.058992
0.056831
0.056701
0.058934
0.061287
0.063209
0.060227
0.060068
0.058952
0.069455
0.060194
0.056446
0.055580
0.057825
0.060572
0.057020
0.059517
0.057731
0.057534
0.073105
0.059721
0.057484
0.055295
0.059232
0.057423
0.057180
0.058431
0.058282
0.058304
0.053807
0.057068
0.060161
0.061866
0.058932
0.059144
0.055699
0.054728
0.059360
0.080357
0.063272
0.059927
0.060732
0.058570
0.055227
0.057896
0.058674
0.059034
0.057440
0.061696
0.059332
0.056557
0.056293
0.060728
0.059234
0.061635
0.062708
0.056903
0.052337
0.062783
0.062075
0.060001
0.059026
0.060342
0.059104
0.057751
0.058974
0.063745
0.061281
0.061270
0.059273
0.060796
0.056993
0.057221
0.057613
0.057918
0.058279
0.057547
0.063766
0.061112
0.059934
0.058475
0.055385
0.056639
0.054390
0.060276
0.058988
0.061593
0.057463
0.063195
0.055991
0.058974
0.056979
0.059962
0.060186
0.060278
0.059298
0.057610
0.057160
0.058384
0.066335
0.063096
0.058203
0.061777
0.059592
0.066063
0.057452
0.060630
0.056606
0.058885
0.057764
0.059210
0.058457
0.067305
0.059628
0.058815
0.054624
0.060643
0.057180
0.058596
0.055260
0.060693
0.057765
0.057101
0.059078
0.057101
0.057303
0.055710
0.057868
0.061762
0.058037
0.055437
0.056427
0.058966
0.060363
0.063547
0.057070
0.059196
0.056681
0.058153
0.058617
0.059368
0.061943
0.057963
0.055785
0.061689
0.057431
0.061356
0.059749
0.058392
0.057732
0.059076
0.057208
0.056537
0.056785
0.059189
0.058653
0.059649
0.058620
0.057795
0.055830
0.057617
0.058102
0.058895
0.059444
0.056717
0.057921
0.059637
0.059732
0.060752
0.059925
0.063220
0.058004
0.075037
0.057894
0.059432
0.060280
0.061136
0.059623
0.059510
0.055575
0.057908
0.058078
0.061022
0.061902
0.058731
0.057091
0.056780
0.057753
0.057180
0.058755
0.061541
0.059610
0.059617
0.056671
0.059921
0.059052
0.057627
0.057469
0.057203
0.056936
0.057820
0.057961
0.059890
0.054180
0.056440
0.058405
0.059964
0.056380
0.059057
0.055808
0.057580
0.057057
0.057124
0.054652
0.055773
0.058418
0.056068
0.056852
0.056573
0.057606
0.060891
0.057826
0.057533
0.056386
0.057893
0.056866
0.059960
0.059680
0.058303
0.057133
0.062250
0.059819
0.058084
0.056335
0.058958
0.059324
0.057314
0.058344
0.058378
0.057997
0.072440
0.057774
0.057563
0.057378
0.057783
0.058496
0.056754
0.056468
0.059259
0.055617
0.057331
0.057087
0.057317
0.055599
0.059067
0.058944
0.060513
0.058941
0.056586
0.060326
0.058874
0.057145
0.060410
0.059246
0.064325
0.058079
0.058476
0.058005
0.058499
0.058624
0.057941
0.062694
0.057524
0.060465
0.056457
0.059200
0.059808
0.059695
0.060138
0.058445
0.060326
0.060649
0.059565
0.060784
0.060607
0.056380
0.059737
0.059486
0.058524
0.060165
0.056456
0.056177
0.057840
0.057339
0.055897
0.056061
0.057402
0.056350
0.056943
0.057868
0.060966
0.059178
0.057266
0.055352
0.058775
0.059286
0.059719
0.056997
0.065571
0.058483
0.059165
0.055843
0.058649
0.057655
0.060137
0.058574
0.060512
0.059476
0.057597
0.057927
0.058147
0.058533
0.058617
0.057855
0.057735
0.060525
0.066632
0.057644
0.059786
0.058226
0.057842
0.057239
0.060177
0.063234
0.061015
0.058714
0.065088
0.058750
0.060800
0.058573
0.059615
0.061036
0.059230
0.061167
0.059903
0.059165
0.060725
0.058826
0.057204
0.058885
0.059638
0.058376
0.059801
0.055405
0.058187
0.054798
0.058212
0.056516
0.058637
0.058468
0.058344
0.057958
0.059291
0.058289
0.071427
0.060520
0.055976
0.056980
0.059087
0.056161
0.058124
0.057821
0.060838
0.060114
0.059118
0.060069
0.056788
0.059841
0.055054
0.058156
0.059580
0.057612
0.060299
0.058416
0.063271
0.059446
0.055744
0.056076
0.057366
0.056617
0.059973
0.057210
0.057606
0.059640
0.064287
0.059560
0.057736
0.056544
0.064497
0.058466
0.058136
0.058112
0.058976
0.059344
0.059866
0.059541
0.057165
0.059969
0.059287
0.058325
0.058832
0.060915
0.064435
0.058141
0.059033
0.060853
0.058111
0.058993
0.061794
0.060849
0.058208
0.055261
0.060040
0.064408
0.059804
0.057098
0.059071
0.060311
0.059687
0.058871
0.061714
0.062551
0.061021
0.057189
0.058911
0.059979
0.060082
0.062946
0.060949
0.059113
0.060985
0.055890
0.059584
0.055165
0.058253
0.056992
0.059307
0.061433
0.056124
0.057494
0.059965
0.060768
0.060383
0.058563
0.056914
0.057980
0.057872
0.061320
0.060767
0.064313
0.068221
0.058046
0.056452
0.059393
0.057513
0.057708
0.059986
0.058302
0.063176
0.061547
0.061144
0.056490
0.058185
0.060664
0.061289
0.060339
0.059633
0.059023
0.058951
0.059576
0.058993
0.058595
0.058934
0.055910
0.058613
0.057373
0.055071
0.058809
0.055936
0.057630
0.059136
0.057235
0.056830
0.061120
0.057826
0.059675
0.059608
0.059909
0.058590
0.060077
0.060590
0.058297
0.061622
0.055526
0.060411
0.058919
0.058770
0.059328
0.057491
0.058169
0.058062
0.059262
0.059505
0.059789
0.058859
0.060635
0.059332
0.056347
0.057756
0.058254
0.059962
0.057707
0.059790
0.056403
0.057729
0.058967
0.058906
0.057886
0.059292
0.059118
0.056991
0.055757
0.056614
0.057584
0.058030
0.057284
0.055569
0.057791
0.062131
0.061207
0.058635
0.058927
0.059483
0.058709
0.057990
0.059881
0.058693
0.063513
0.057463
0.054830
0.056831
0.060006
0.062146
0.057125
0.057614
0.061145
0.058810
0.060811
0.060771
0.057934
0.056708
0.058703
0.058338
0.058931
0.058252
0.056874
0.061609
0.060786
0.059625
0.054952
0.057400
0.056945
0.058581
0.059711
0.059984
0.057940
0.055716
0.060991
0.057589
0.059499
0.058323
0.057332
0.058479
0.059981
0.059195
0.052290
0.057894
0.060588
0.060293
0.056738
0.058615
0.057822
0.058380
0.058838
0.061604
0.064055
0.060395
0.066503
0.057757
0.060871
0.061081
0.057787
0.059718
0.062164
0.077256
0.056248
0.056688
0.060452
0.059648
0.058983
0.059682
0.059303
0.065786
0.058182
0.060236
0.057579
0.060683
0.057511
0.059645
0.058367
0.058080
0.062778
0.057136
0.056384
0.061422
0.060197
0.060996
0.061246
0.058348
0.058771
0.058404
0.057126
0.062254
0.056452
0.058013
0.056740
0.056142
0.055284
0.058954
0.057895
0.058394
0.059080
0.062097
0.056584
0.058667
0.058478
0.058094
0.061939
0.059582
0.060054
0.056557
0.057064
0.058896
0.066258
0.058036
0.057999
0.057681
0.056675
0.059709
0.059306
0.061548
0.059608
0.057517
0.058194
0.059807
0.059830
0.057568
0.059396
0.060204
0.056443
0.057458
0.056493
0.060115
0.056891
0.056957
0.058986
0.058553
0.059115
0.056964
0.058379
0.057136
0.061560
0.060616
0.059304
0.059687
0.058919
0.057018
0.058976
0.058052
0.056840
0.063432
0.057861
0.058795
0.059552
0.059719
0.059632
0.060835
0.059379
0.060722
0.057190
0.062422
0.058449
0.058632
0.059231
0.056720
0.059612
0.061196
0.060637
0.056705
0.063139
0.056772
0.055927
0.057096
0.059834
0.059397
0.056678
0.057967
0.059937
0.059803
0.063370
0.057396
0.062855
0.061978
0.061299
0.059672
0.061119
0.059487
0.060417
0.061721
0.061268
0.055228
0.060904
0.058678
0.058232
0.056284
0.054976
0.059905
0.056709
0.075919
0.057287
0.057371
0.057093
0.058458
0.058003
0.056347
0.058107
0.060795
0.059320
0.056991
0.058647
0.057582
0.058917
0.059849
0.060626
0.061449
0.058945
0.060754
0.061849
0.059150
0.058700
0.057863
0.063419
0.060996
0.059272
0.059645
0.054362
0.062328
0.060556
0.058565
0.058057
0.057248
0.060559
0.057310
0.062994
0.058902
0.063253
0.062930
0.059377
0.059765
