0.064367
0.056692
0.062863
0.071900
0.061893
0.070679
0.069169
0.073818
0.066649
0.066118
0.074597
0.061949
0.065249
0.073275
0.076398
0.062289
0.070212
0.074518
0.076848
0.063661
0.071320
0.057903
0.069146
0.075757
0.076687
0.064697
0.081718
0.065949
0.063448
0.058707
0.070453
0.067427
0.065753
0.067804
0.062696
0.068047
0.060019
0.063045
0.070552
0.076482
0.063934
0.066132
0.061943
0.061284
0.075536
0.062846
0.072247
0.065777
0.072247
0.068968
0.086934
0.074704
0.073210
0.067552
0.056653
0.062372
0.067263
0.069585
0.073935
0.080478
0.076450
0.077233
0.081201
0.077039
0.061413
0.059471
0.070045
0.076814
0.074071
0.080441
0.064400
0.067304
0.057999
0.072527
0.078356
0.063190
0.077912
0.065014
0.084237
0.071212
0.058669
0.060672
0.067350
0.068388
0.070236
0.066068
0.077785
0.059481
0.066954
0.069609
0.066237
0.065392
0.071377
0.078106
0.072088
0.076534
0.075869
0.083647
0.085547
0.066938
0.065977
0.066184
0.067168
0.070305
0.071172
0.076733
0.080192
0.074975
0.067829
0.064538
0.069942
0.059233
0.073207
0.062083
0.070102
0.065229
0.072536
0.059053
0.069997
0.067484
0.063850
0.063528
0.061619
0.060461
0.064345
0.068327
0.061796
0.068113
0.067296
0.067481
0.064980
0.067494
0.066683
0.070400
0.076325
0.074917
0.076621
0.068934
0.075490
0.070794
0.078134
0.068062
0.066661
0.073499
0.058243
0.066019
0.076970
0.062688
0.069121
0.076798
0.078204
0.075847
0.078585
0.083928
0.080238
0.078101
0.084768
0.061986
0.077184
0.088580
0.074008
0.075392
0.066357
0.076040
0.094312
0.092630
0.093835
0.069730
0.077499
0.067147
0.080822
0.090084
0.087647
0.076410
0.082879
0.071423
0.064279
0.071157
0.065097
0.062309
0.061822
0.063826
0.069838
0.070711
0.060526
0.098809
0.063047
0.065010
0.062571
0.062109
0.067039
0.062241
0.060912
0.062873
0.066081
0.062538
0.065355
0.060502
0.069116
0.081657
0.080277
0.072347
0.066770
0.069903
0.070364
0.071781
0.073574
0.083590
0.080337
0.060772
0.067850
0.067325
0.078626
0.075151
0.066597
0.071556
0.069394
0.068603
0.065135
0.059795
0.074053
0.069890
0.072344
0.066938
0.062989
0.057214
0.073231
0.072835
0.064742
0.074645
0.068735
0.069351
0.065759
0.066871
0.061248
0.063307
0.059632
0.065438
0.074016
0.061462
0.071342
0.068226
0.063074
0.075529
0.076173
0.076599
0.065186
0.073048
0.061701
0.063642
0.063054
0.063628
0.065913
0.067272
0.066537
0.076679
0.081959
0.063403
0.057563
0.074144
0.075741
0.057456
0.065110
0.067686
0.060147
0.062053
0.061894
0.059421
0.064768
0.063074
0.071736
0.062592
0.089490
0.068826
0.067502
0.058259
0.069437
0.065716
0.061439
0.063355
0.072991
0.058909
0.074841
0.065238
0.064407
0.063887
0.067429
0.071214
0.078611
0.062415
0.073819
0.075507
0.061526
0.067781
0.066247
0.061660
0.072104
0.064910
0.072386
0.066402
0.069282
0.062239
0.070728
0.071357
0.062464
0.061848
0.064775
0.070358
0.070020
0.062712
0.066740
0.067303
0.062338
0.072132
0.068734
0.072078
0.058779
0.067422
0.064735
0.076562
0.068957
0.068514
0.064097
0.063323
0.063408
0.069015
0.059211
0.062953
0.071320
0.068325
0.064468
0.068203
0.062484
0.062855
0.066232
0.064536
0.063028
0.073643
0.058443
0.066172
0.061641
0.059978
0.075760
0.057753
0.063283
0.066857
0.071934
0.070762
0.061501
0.062639
0.060741
0.067443
0.064240
0.064674
0.072093
0.060050
0.071079
0.065777
0.066560
0.065501
0.074329
0.077921
0.066866
0.062676
0.065560
0.074956
0.072989
0.065603
0.077134
0.070528
0.075992
0.075740
0.076319
0.069022
0.063166
0.062767
0.070027
0.060823
0.059689
0.064920
0.065030
0.089639
0.069721
0.066546
0.059141
0.068439
0.060374
0.079433
0.073475
0.066315
0.068582
0.061019
0.073562
0.079358
0.068040
0.060345
0.075034
0.060776
0.063348
0.067289
0.082569
0.060995
0.067300
0.064378
0.070285
0.069808
0.065662
0.062658
0.070830
0.077512
0.081968
0.064813
0.058848
0.066485
0.071904
0.066304
0.061807
0.067974
0.068610
0.072383
0.068497
0.086133
0.069971
0.073376
0.065393
0.063500
0.065568
0.068675
0.070147
0.064520
0.071716
0.061757
0.069548
0.069688
0.086110
0.077877
0.062926
0.066706
0.072006
0.066095
0.076598
0.069204
0.067560
0.066238
0.058629
0.095993
0.085999
0.067467
0.067677
0.071487
0.071313
0.063140
0.063347
0.058970
0.073831
0.069911
0.060539
0.071714
0.070764
0.065433
0.072089
0.077001
0.080043
0.064211
0.068326
0.067228
0.061700
0.065103
0.068048
0.060760
0.063124
0.072625
0.063453
0.063845
0.064431
0.062162
0.064045
0.071171
0.066454
0.064102
0.062027
0.067000
0.071123
0.062197
0.065147
0.080196
0.076635
0.068556
0.066015
0.079557
0.064872
0.076736
0.063847
0.068123
0.071323
0.064513
0.084645
0.074340
0.075572
0.059424
0.069807
0.079174
0.075491
0.086096
0.079452
0.077849
0.088328
0.066181
0.059457
0.062481
0.065200
0.067590
0.073982
0.068907
0.079021
0.063348
0.075905
0.062416
0.070675
0.067347
0.087058
0.063518
0.063104
0.063127
0.059861
0.070661
0.068043
0.060151
0.070677
0.067049
0.065435
0.066218
0.064440
0.076005
0.070429
0.063438
0.069736
0.068374
0.079052
0.057289
0.077115
0.075617
0.063828
0.057699
0.069259
0.070132
0.064397
0.074600
0.057790
0.060220
0.073318
0.063022
0.064681
0.072924
0.077803
0.072065
0.066812
0.066425
0.063565
0.064037
0.070234
0.067203
0.066962
0.065581
0.065054
0.069004
0.068755
0.063135
0.064947
0.062373
0.059611
0.063958
0.073786
0.061073
0.073044
0.060815
0.058257
0.069707
0.067750
0.075099
0.064078
0.077268
0.071064
0.076334
0.058594
0.070528
0.066796
0.064809
0.058608
0.064221
0.066889
0.061835
0.064876
0.067450
0.068974
0.066001
0.062993
0.063527
0.079317
0.083676
0.070910
0.063065
0.069047
0.076267
0.061775
0.068146
0.065670
0.066340
0.067710
0.071846
0.076239
0.071368
0.070800
0.074634
0.073513
0.063598
0.066515
0.067188
0.062794
0.059233
0.066586
0.063247
0.069726
0.073566
0.070668
0.062289
0.063838
0.065269
0.071326
0.073356
0.065435
0.066487
0.071392
0.070518
0.069421
0.064391
0.063689
0.066550
0.068173
0.072117
0.069823
0.060853
0.060029
0.065632
0.060492
0.067954
0.062300
0.070410
0.069306
0.087159
0.067997
0.072049
0.065359
0.066591
0.069568
0.066074
0.071956
0.081636
0.091891
0.082751
0.059457
0.067865
0.067437
0.071271
0.063536
0.065401
0.068756
0.071698
0.068698
0.064625
0.074008
0.088201
0.072149
0.062917
0.067262
0.070616
0.076225
0.077393
0.071175
0.066173
0.069344
0.071926
0.064897
0.073518
0.093949
0.059560
0.063215
0.065411
0.065122
0.060845
0.064443
0.062332
0.073916
0.062645
0.059844
0.071677
0.066173
0.066432
0.078627
0.081325
0.066017
0.067952
0.077680
0.063607
0.068631
0.079855
0.068787
0.066979
0.066275
0.064173
0.060285
0.070108
0.073008
0.064636
0.074830
0.064503
0.064086
0.065378
0.060312
0.062654
0.067623
0.075082
0.071959
0.064556
0.069608
0.074141
0.064816
0.069526
0.064552
0.076126
0.066531
0.068887
0.068718
0.083272
0.072813
0.070446
0.061569
0.073810
0.075097
0.074358
0.074295
0.065654
0.073064
0.069542
0.059395
0.065586
0.076990
0.063776
0.064677
0.077237
0.072745
0.061706
0.063953
0.071448
0.068684
0.066996
0.077886
0.073168
0.078735
0.067241
0.081825
0.066441
0.071955
0.063553
0.074540
0.088176
0.092531
0.069289
0.070046
0.070542
0.069628
0.069373
0.071276
0.064869
0.073435
0.071855
0.068369
0.076713
0.074042
0.069227
0.065760
0.068807
0.074605
0.064552
0.074494
0.068406
0.072565
0.079327
0.070744
0.063178
0.082190
0.066997
0.064441
0.068335
0.070234
0.068577
0.064697
0.070577
0.061575
0.068463
0.076592
0.089302
0.066513
0.061985
0.071124
0.086875
0.071270
0.084211
0.067636
0.065401
0.064939
0.068137
0.066537
0.085656
0.067351
0.068516
0.065199
0.066491
0.064192
0.065605
0.067494
0.079799
0.087325
0.071907
0.065778
0.066678
0.068259
0.066903
0.065462
0.068819
0.066516
0.066770
0.063028
0.066332
0.076112
0.075368
0.070465
0.075012
0.064743
0.066933
0.067251
0.075789
0.066917
0.067216
0.069091
0.064119
0.071601
0.099981
0.084524
0.068219
0.063471
0.078998
0.067080
0.073553
0.064939
0.067833
0.081313
0.074283
0.073491
0.072126
0.067562
0.074529
0.066530
0.061419
0.071011
0.072507
0.061355
0.075186
0.069509
0.059286
0.064812
0.066228
0.071256
0.061011
0.066376
0.069162
0.070129
0.070409
0.075258
0.073400
0.070044
0.060819
0.063355
0.059803
0.071479
0.081603
0.065675
0.067141
0.059809
0.065066
0.063090
0.078295
0.060344
0.069849
0.062835
0.063505
0.069974
0.069616
0.077789
0.069961
0.069034
0.066714
0.069429
0.072041
0.073376
0.066622
0.075225
0.092756
0.077691
0.066438
0.065931
0.069296
0.075666
0.075503
0.076234
0.067474
0.065939
0.068781
0.057694
0.064553
0.069561
0.074636
0.070129
0.068628
0.057724
0.071427
0.064638
0.073043
0.069028
0.065617
0.064608
0.073941
0.060780
0.068203
0.073982
0.074017
0.076668
0.063934
0.070509
0.062365
0.068537
0.071954
0.066058
0.078338
0.064591
0.070201
0.068380
0.075812
0.084933
0.061571
0.061205
0.072444
0.059502
0.070672
0.069210
0.069221
0.068159
0.065745
0.068993
0.060427
0.058809
0.066308
0.059259
0.061991
0.066345
0.069206
0.071677
0.083484
0.061159
0.066747
0.073264
0.063807
0.073054
0.069348
0.064020
0.069821
0.072160
0.065412
0.061979
0.065627
0.061668
0.070806
0.076631
0.072353
0.075577
0.060234
0.085187
0.083941
0.063714
0.073471
0.075397
0.073817
0.077425
0.080038
0.071743
0.064789
0.064656
0.070106
0.078379
0.061247
