0.046254
0.049739
0.048921
0.044712
0.051881
0.049749
0.060934
0.051825
0.056260
0.046979
0.049841
0.046152
0.055593
0.059090
0.054904
0.048355
0.047768
0.052470
0.052682
0.057891
0.053136
0.049820
0.050635
0.056408
0.051182
0.052726
0.054993
0.057633
0.051820
0.051712
0.052058
0.050446
0.049860
0.051662
0.051493
0.051178
0.055273
0.052472
0.053519
0.052701
0.051211
0.052469
0.050379
0.050772
0.050981
0.054747
0.051764
0.050870
0.051846
0.055934
0.051688
0.051322
0.050155
0.048826
0.050615
0.050999
0.050946
0.051531
0.056172
0.052239
0.051304
0.050707
0.050729
0.054165
0.050167
0.051242
0.051811
0.052298
0.050814
0.051665
0.051545
0.051147
0.056619
0.051761
0.050291
0.051714
0.055048
0.052384
0.049797
0.053622
0.050175
0.051090
0.050414
0.051890
0.050516
0.050478
0.055824
0.050851
0.051602
0.051234
0.051549
0.053985
0.052586
0.051681
0.050495
0.053480
0.051153
0.051674
0.055696
0.054230
0.054067
0.051069
0.051753
0.051171
0.054395
0.051475
0.051296
0.051746
0.050886
0.050954
0.053911
0.051316
0.051680
0.051199
0.050913
0.052457
0.050981
0.050631
0.054342
0.052067
0.053114
0.052300
0.054289
0.051964
0.050787
0.055504
0.051548
0.051884
0.050654
0.050732
0.050953
0.050444
0.051152
0.051557
0.051408
0.051183
0.050148
0.054732
0.051105
0.051332
0.055349
0.052997
0.056341
0.048214
0.046796
0.051345
0.048940
0.049676
0.051741
0.052694
0.050121
0.050368
0.049248
0.054734
0.050783
0.048742
0.050403
0.048721
0.049498
0.050472
0.048650
0.047956
0.048924
0.049936
0.048597
0.047820
0.048408
0.052236
0.052570
0.048412
0.049354
0.049859
0.048061
0.049410
0.049803
0.047673
0.049373
0.052242
0.048855
0.050097
0.047197
0.047756
0.049018
0.048018
0.052505
0.049583
0.048533
0.049189
0.050122
0.047753
0.047939
0.048892
0.051673
0.049996
0.048880
0.048761
0.049148
0.048599
0.048136
0.050243
0.049970
0.050359
0.048655
0.051592
0.047064
0.051589
0.052002
0.049389
0.049712
0.047876
0.050003
0.049830
0.048931
0.050267
0.051212
0.049803
0.051180
0.049940
0.052002
0.048473
0.048444
0.048567
0.048695
0.049053
0.050304
0.050067
0.048840
0.049630
0.049360
0.049039
0.053556
0.047812
0.050776
0.050033
0.049779
0.049786
0.054073
0.048157
0.048871
0.049240
0.049021
0.049488
0.048378
0.048495
0.052331
0.048497
0.052495
0.048713
0.048993
0.048785
0.047495
0.048760
0.052535
0.049059
0.048601
0.050005
0.052761
0.048647
0.049101
0.048913
0.048267
0.049178
0.046753
0.048291
0.049694
0.048703
0.051524
0.048414
0.053137
0.053432
0.051272
0.048848
0.049195
0.049224
0.054997
0.049621
0.048625
0.050498
0.054111
0.049343
0.048353
0.050686
0.047850
0.049355
0.051925
0.051271
0.050809
0.052383
0.050917
0.049536
0.051151
0.049994
0.050395
0.051165
0.049693
0.049950
0.050145
0.052190
0.053130
0.052656
0.054713
0.050587
0.052182
0.047044
0.046729
0.051855
0.048722
0.052143
0.051833
0.047538
0.048694
0.048951
0.050189
0.048872
0.050558
0.050370
0.048711
0.049483
0.047869
0.049725
0.049931
0.048387
0.049298
0.046881
0.044621
0.048427
0.051271
0.049886
0.047460
0.046206
0.046346
0.047376
0.051335
0.053088
0.054187
0.054183
0.059843
0.052577
0.055027
0.052251
0.054396
0.052498
0.051575
0.054257
0.052306
0.051574
0.052197
0.052872
0.050726
0.055505
0.053431
0.052893
0.053288
0.053008
0.056368
0.052581
0.054280
0.051949
0.054857
0.056945
0.054436
0.053897
0.046007
0.048301
0.047064
0.049211
0.050178
0.052601
0.053139
0.048725
0.050045
0.050024
0.050024
0.052208
0.050876
0.054083
0.050746
0.055054
0.052480
0.050148
0.050315
0.054164
0.050033
0.048692
0.051808
0.050021
0.050246
0.050062
0.052577
0.050148
0.050304
0.053994
0.051248
0.048955
0.051308
0.049646
0.054245
0.050271
0.051300
0.051895
0.050635
0.053583
0.050414
0.050000
0.050193
0.052839
0.053767
0.052860
0.051442
0.053337
0.050551
0.053251
0.050220
0.049598
0.049781
0.051348
0.053956
0.050681
0.051307
0.049784
0.050276
0.049605
0.050349
0.051088
0.051514
0.048963
0.051066
0.053147
0.051781
0.050362
0.052887
0.049498
0.052917
0.048896
0.049846
0.050501
0.054220
0.049488
0.049839
0.055925
0.051558
0.053257
0.053385
0.054358
0.051135
0.052518
0.050351
0.051001
0.054788
0.052098
0.051086
0.054029
0.052708
0.053854
0.050926
0.051096
0.052581
0.052583
0.054687
0.051130
0.054619
0.050923
0.049328
0.048651
0.051032
0.053573
0.050089
0.050295
0.050016
0.051688
0.051449
0.052227
0.050336
0.052788
0.049852
0.052775
0.049703
0.054974
0.048765
0.052576
0.050452
0.050818
0.050541
0.051516
0.052021
0.051875
0.051427
0.050873
0.054103
0.051637
0.050815
0.051469
0.052033
0.050580
0.052997
0.050566
0.050266
0.053912
0.055064
0.052066
0.049118
0.052958
0.056659
0.051089
0.051194
0.050450
0.049464
0.055610
0.052474
0.050273
0.051088
0.050150
0.053650
0.050239
0.051466
0.050542
0.053301
0.051796
0.051876
0.050806
0.050468
0.052004
0.050504
0.052271
0.054288
0.052194
0.055092
0.047090
0.047649
0.046955
0.048731
0.046851
0.047255
0.046677
0.046828
0.052135
0.050618
0.048334
0.049602
0.059033
0.060441
0.056758
0.058346
0.059521
0.058646
0.059549
0.059717
0.060058
0.063536
0.061204
0.060003
0.059065
0.060645
0.060331
0.062075
0.059689
0.060501
0.058629
0.059005
0.059724
0.060001
0.060177
0.061784
0.064068
0.059341
0.058554
0.058578
0.062421
0.060247
0.058949
0.061014
0.061133
0.060491
0.061829
0.063198
0.059683
0.058447
0.063259
0.058141
0.058712
0.059885
0.062871
0.058790
0.056924
0.059034
0.059185
0.058829
0.063217
0.059262
0.060206
0.059269
0.060339
0.058957
0.059394
0.059608
0.059839
0.060989
0.058349
0.061554
0.060823
0.060418
0.057097
0.063347
0.059284
0.062203
0.062559
0.058954
0.058450
0.059126
0.058343
0.061072
0.060926
0.059454
0.058100
0.058217
0.058974
0.059785
0.064346
0.060239
0.060996
0.059322
0.058426
0.059441
0.060566
0.060461
0.060219
0.063252
0.057792
0.058625
0.058101
0.061325
0.059634
0.059565
0.058474
0.062113
0.057340
0.058586
0.058536
0.058216
0.059097
0.057920
0.059794
0.058270
0.059532
0.058634
0.059476
0.058419
0.058055
0.060328
0.062939
0.062451
0.058523
0.058778
0.061467
0.057506
0.059601
0.058829
0.063749
0.061533
0.057806
0.059884
0.059910
0.058090
0.064721
0.058045
0.058734
0.057775
0.059432
0.061586
0.063770
0.059254
0.059299
0.057423
0.058655
0.058623
0.060863
0.058924
0.059033
0.058536
0.059966
0.059376
0.059772
0.058531
0.058930
0.062045
0.059518
0.059340
0.060458
0.059474
0.060974
0.058789
0.061262
0.062810
0.058886
0.056244
0.058900
0.058853
0.059146
0.058817
0.060074
0.057894
0.060777
0.058952
0.059622
0.058944
0.059778
0.059012
0.058805
0.059702
0.059644
0.063638
0.060812
0.058549
0.058887
0.059117
0.056798
0.060302
0.059635
0.059373
0.059932
0.058939
0.058088
0.058549
0.058662
0.058921
0.062054
0.056723
0.059770
0.058271
0.057428
0.059760
0.056716
0.059477
0.065840
0.060412
0.062756
0.059549
0.058176
0.058856
0.059838
0.062569
0.060067
0.057688
0.062864
0.056091
0.058714
0.057260
0.058987
0.058392
0.057698
0.060850
0.057781
0.057804
0.057150
0.058570
0.058756
0.057941
0.058973
0.057989
0.058636
0.058122
0.059348
0.058760
0.058493
0.058209
0.063738
0.058840
0.058105
0.058233
0.060164
0.059970
0.061739
0.059186
0.058611
0.061357
0.059959
0.058582
0.060690
0.056821
0.060097
0.058070
0.059012
0.058897
0.063102
0.063760
0.063441
0.057914
0.060355
0.060352
0.059906
0.059383
0.059159
0.058174
0.058809
0.059670
0.060433
0.059240
0.060292
0.058954
0.060958
0.058021
0.058965
0.057854
0.058728
0.057756
0.059434
0.059149
0.059662
0.059056
0.060662
0.059230
0.062917
0.058306
0.065961
0.059195
0.057680
0.059902
0.058044
0.065197
0.058168
0.058808
0.058926
0.060054
0.061035
0.058265
0.058008
0.065336
0.063132
0.058036
0.059359
0.058070
0.058482
0.059625
0.062366
0.059923
0.059798
0.058508
0.058155
0.060361
0.058884
0.057808
0.060487
0.058228
0.061551
0.059771
0.059265
0.058862
0.056851
0.059658
0.059414
0.059387
0.060674
0.062993
0.058979
0.057809
0.059489
0.058697
0.059774
0.058614
0.060661
0.058526
0.059808
0.062800
0.064700
0.059229
0.059628
0.058318
0.060234
0.060062
0.060585
0.059035
0.060628
0.058641
0.059064
0.058034
0.061583
0.058522
0.061505
0.061403
0.060834
0.057883
0.058995
0.057465
0.063704
0.060766
0.057804
0.063460
0.066452
0.059310
0.059118
0.058880
0.059421
0.061883
0.062309
0.057874
0.058105
0.059048
0.059227
0.057743
0.057194
0.056707
0.058578
0.059307
0.060360
0.059589
0.059833
0.058457
0.060864
0.060921
0.058606
0.058862
0.063056
0.061348
0.060303
0.061814
0.057954
0.058523
0.058056
0.057836
0.059107
0.059105
0.058877
0.060587
0.059544
0.059716
0.061476
0.059031
0.060328
0.058042
0.059454
0.060251
0.060004
0.060340
0.060453
0.059808
0.059649
0.059062
0.059790
0.060191
0.061543
0.061683
0.062536
0.059035
0.058175
0.059486
0.059519
0.060902
0.062140
0.061100
0.059050
0.059292
0.059086
0.060273
0.062624
0.060419
0.061756
0.060303
0.057665
0.061283
0.057785
0.058732
0.058873
0.059510
0.059775
0.064778
0.059160
0.059602
0.065239
0.059868
0.060764
0.057837
0.058259
0.062683
0.059181
0.057830
0.059360
0.058748
0.059470
0.057929
0.059204
0.058084
0.062264
0.059672
0.059498
0.059303
0.059611
0.060925
0.059574
0.061595
0.066078
0.061449
0.046095
0.044055
0.051883
0.055978
0.057210
0.057691
0.056980
0.058569
0.054462
