0.124946
0.129579
0.130039
0.122062
0.123130
0.126293
0.119901
0.134738
0.128720
0.114846
0.122259
0.119768
0.122774
0.117452
0.123375
0.125772
0.121780
0.120461
0.124286
0.122321
0.125112
0.122072
0.123965
0.120561
0.125638
0.115593
0.122970
0.126662
0.124312
0.120929
0.122588
0.123076
0.125043
0.121388
0.116743
0.117681
0.127764
0.127503
0.125112
0.122421
0.132385
0.129199
0.118054
0.127016
0.121519
0.123891
0.127533
0.125860
0.133167
0.128861
0.132874
0.123982
0.123525
0.118904
0.129778
0.118164
0.116885
0.131250
0.133304
0.124900
0.124984
0.121393
0.120888
0.118829
0.125863
0.135784
0.127640
0.117336
0.125388
0.115334
0.128810
0.123419
0.126002
0.125233
0.124600
0.122367
0.118092
0.120700
0.119389
0.123873
0.122379
0.137292
0.125032
0.123697
0.120772
0.120036
0.125473
0.122016
0.124559
0.129939
0.117046
0.116115
0.122946
0.126290
0.125299
0.119822
0.122996
0.123605
0.121588
0.134417
0.146070
0.123825
0.129396
0.117731
0.118883
0.115638
0.124630
0.124924
0.127632
0.122494
0.123333
0.122347
0.117025
0.124187
0.134266
0.125536
0.125490
0.128816
0.117001
0.121972
0.128722
0.122792
0.135039
0.120381
0.130874
0.114966
0.121908
0.120283
0.125191
0.124658
0.136870
0.125511
0.134162
0.122056
0.125389
0.125695
0.122824
0.128003
0.126889
0.118930
0.120538
0.121630
0.125013
0.122985
0.124600
0.130212
0.124661
0.129313
0.126736
0.123862
0.124676
0.123152
0.123161
0.125603
0.127229
0.124272
0.121884
0.118760
0.122249
0.118745
0.122071
0.121071
0.125937
0.125255
0.118599
0.129573
0.120942
0.125208
0.122257
0.122226
0.127906
0.136190
0.126059
0.122935
0.125541
0.117671
0.120935
0.125523
0.142913
0.120560
0.132971
0.118054
0.119824
0.126574
0.127984
0.125482
0.119790
0.128599
0.121031
0.122972
0.135415
0.141702
0.121309
0.124589
0.124728
0.134702
0.123823
0.130219
0.119118
0.123053
0.122528
0.124008
0.121655
0.122333
0.126963
0.119225
0.119899
0.125562
0.118609
0.121537
0.126874
0.126986
0.117043
0.119937
0.120144
0.124663
0.125914
0.123019
0.116163
0.122895
0.124400
0.130785
0.122581
0.119282
0.133980
0.121554
0.128206
0.124176
0.128397
0.130292
0.124931
0.122973
0.127098
0.125610
0.121787
0.116488
0.124477
0.148240
0.122037
0.124052
0.123366
0.121846
0.122000
0.122297
0.125300
0.130375
0.113051
0.133052
0.121733
0.116799
0.116717
0.125990
0.123768
0.125286
0.131104
0.127976
0.122002
0.121822
0.121206
0.118199
0.127201
0.122514
0.131632
0.126456
0.119598
0.121726
0.122206
0.121763
0.122015
0.124606
0.143348
0.144221
0.135529
0.128053
0.127947
0.120700
0.120033
0.131459
0.134011
0.131571
0.126110
0.121007
0.120058
0.131540
0.128193
0.126100
0.124885
0.124408
0.127739
0.125170
0.128692
0.117891
0.118624
0.122514
0.121422
0.129401
0.124778
0.124187
0.120597
0.119579
0.124515
0.120700
0.122265
0.122564
0.122367
0.121778
0.125965
0.124159
0.121816
0.121986
0.122041
0.122538
0.122461
0.119559
0.122084
0.120151
0.120205
0.121579
0.127782
0.129152
0.122781
0.120265
0.126873
0.124856
0.122155
0.121713
0.116809
0.125717
0.127331
0.126392
0.124252
0.127197
0.120266
0.127613
0.119953
0.119774
0.122576
0.120235
0.121965
0.127893
0.127334
0.129131
0.123289
0.122261
0.127926
0.122750
0.127565
0.123790
0.122208
0.123332
0.125532
0.122493
0.141301
0.118424
0.127033
0.125481
0.128087
0.121813
0.123246
0.121642
0.130301
0.124850
0.131807
0.123443
0.120944
0.126009
0.122752
0.121977
0.128613
0.121132
0.127642
0.124052
0.120022
0.124440
0.128286
0.128635
0.131034
0.119979
0.128927
0.127371
0.120137
0.125318
0.123274
0.119049
0.130652
0.131048
0.121881
0.122280
0.127263
0.121997
0.121469
0.121057
0.124944
0.126611
0.125130
0.120830
0.121963
0.123070
0.122499
0.118499
0.119877
0.136855
0.116768
0.123206
0.121528
0.124309
0.121578
0.126215
0.124519
0.129161
0.120469
0.121244
0.127169
0.124370
0.123931
0.128647
0.125550
0.120734
0.119139
0.124245
0.118484
0.122515
0.126520
0.123376
0.120518
0.122331
0.121107
0.127741
0.122225
0.120625
0.123537
0.128178
0.122637
0.123112
0.123243
0.124477
0.125407
0.124131
0.123457
0.124238
0.125452
0.125947
0.132132
0.125034
0.126486
0.128938
0.122862
0.124342
0.127838
0.126436
0.137390
0.117576
0.124307
0.125905
0.124017
0.120569
0.126498
0.124441
0.128456
0.119781
0.125063
0.122710
0.120429
0.123872
0.135637
0.117304
0.131797
0.123845
0.125555
0.124185
0.124629
0.125524
0.120417
0.115753
0.134439
0.118808
0.123741
0.123655
0.124926
0.122094
0.123400
0.125419
0.120248
0.122167
0.123580
0.121946
0.119547
0.118978
0.123388
0.123677
0.133206
0.124981
0.124617
0.127214
0.123923
0.123226
0.135274
0.118876
0.119782
0.128053
0.128372
0.125125
0.123085
0.123516
0.125698
0.122406
0.120798
0.128286
0.118250
0.127289
0.123330
0.167863
0.128364
0.120057
0.123032
0.135991
0.123336
0.124844
0.124374
0.129180
0.128445
0.122911
0.127756
0.126313
0.126729
0.126808
0.131413
0.127206
0.125113
0.123614
0.117688
0.131127
0.120986
0.118798
0.124660
0.128453
0.124960
0.127342
0.124083
0.124650
0.124698
0.129469
0.123269
0.137342
0.127376
0.126846
0.117377
0.126744
0.126550
0.126202
0.127634
0.129066
0.135685
0.125601
0.126678
0.123661
0.126740
0.127595
0.125732
0.123239
0.125037
0.125214
0.131508
0.125023
0.126941
0.122589
0.131651
0.124554
0.119263
0.126415
0.132310
0.124971
0.127110
0.121530
0.129836
0.125826
0.123051
0.123088
0.123861
0.125240
0.129300
0.123821
0.123353
0.124935
0.126508
0.127256
0.127520
0.123393
0.135386
0.119319
0.126552
0.123065
0.122172
0.118031
0.131734
0.129664
0.125427
0.123240
0.120028
0.124316
0.125401
0.122167
0.121461
0.125440
0.133031
0.126942
0.123598
0.127351
0.124505
0.122038
0.123911
0.127037
0.130441
0.130948
0.123442
0.129196
0.122962
0.124653
0.125620
0.119848
0.121631
0.130880
0.123125
0.122959
0.126610
0.122095
0.124072
0.125439
0.125008
0.120154
0.126898
0.119567
0.125409
0.124615
0.122725
0.131849
0.125535
0.129752
0.127853
0.123190
0.127285
0.125352
0.120417
0.124421
0.125948
0.132248
0.126218
0.120882
0.126942
0.126065
0.120086
0.121190
0.122787
0.116606
0.128654
0.124534
0.129650
0.124835
0.138864
0.124890
0.127249
0.128686
0.129532
0.124594
0.128430
0.121553
0.120618
0.133020
0.132118
0.125040
0.127636
0.126724
0.126650
0.122667
0.126740
0.127908
0.123883
0.122283
0.129693
0.130491
0.135572
0.130942
0.123604
0.122833
0.119808
0.122891
0.144338
0.132829
0.121697
0.125110
0.123697
0.122402
0.126544
0.125963
0.132155
0.119466
0.129202
0.116080
0.137319
0.121964
0.126503
0.121444
0.125607
0.122275
0.126812
0.122347
0.124079
0.116232
0.123873
0.117277
0.125166
0.128154
0.122351
0.114505
0.126143
0.126121
0.129062
0.150485
0.127999
0.125656
0.128507
0.121535
0.125594
0.121877
0.118680
0.125371
0.133183
0.128875
0.122028
0.123215
0.128792
0.124977
0.127966
0.125989
0.123617
0.125385
0.124843
0.132171
0.130222
0.123198
0.122010
0.124883
0.120171
0.127077
0.117785
0.124759
0.121505
0.119696
0.125825
0.125158
0.123753
0.134335
0.122284
0.117083
0.119922
0.128451
0.118744
0.122853
0.124982
0.123179
0.137767
0.120081
0.126533
0.119801
0.123266
0.125824
0.118970
0.129075
0.125537
0.123736
0.121061
0.127034
0.125382
0.127295
0.115283
0.127536
0.141427
0.117906
0.122447
0.127965
0.128546
0.122963
0.125869
0.125053
0.124116
0.129517
0.128824
0.121148
0.118171
0.121876
0.123427
0.121507
0.137036
0.124511
0.123060
0.124065
0.126487
0.123216
0.122159
0.126279
0.128898
0.142219
0.129088
0.124685
0.127730
0.129819
0.119385
0.120541
0.123534
0.145722
0.126628
0.120889
0.126574
0.125641
0.118337
0.134274
0.120229
0.136926
0.120985
0.125932
0.124926
0.128297
0.124805
0.120447
0.130617
0.130836
0.125032
0.126687
0.121961
0.123596
0.125709
0.127525
0.117899
0.131891
0.125218
0.127015
0.124557
0.129356
0.119190
0.122816
0.117265
0.132745
0.127508
0.129524
0.121264
0.121802
0.119429
0.124579
0.122774
0.124003
0.137856
0.119522
0.119057
0.119508
0.122816
0.119018
0.119973
0.126855
0.127612
0.120402
0.120245
0.130288
0.124691
0.121367
0.125304
0.128434
0.128247
0.129995
0.124188
0.123465
0.126575
0.131331
0.118905
0.129449
0.135290
0.122598
0.126578
0.129524
0.126424
0.125716
0.121330
0.120183
0.133197
0.122683
0.129276
0.121774
0.118805
0.119274
0.123652
0.123768
0.119723
0.130878
0.121586
0.123556
0.121632
0.131056
0.122550
0.125743
0.126080
0.141615
0.131168
0.124855
0.121561
0.119863
0.123157
0.126992
0.122091
0.130293
0.124505
0.121181
0.131518
0.134884
0.126846
0.116384
0.125586
0.124330
0.194641
0.128735
0.119032
0.119823
0.129717
0.127245
0.123166
0.122868
0.124144
0.124482
0.125640
0.124878
0.124463
0.131539
0.121444
0.143571
0.117566
0.121787
0.116336
0.123762
0.128407
0.123388
0.129193
0.127591
0.135201
0.123779
0.122064
0.126426
0.121582
0.133008
0.124495
0.134173
0.124931
0.126142
0.119686
0.128056
0.122053
0.122014
0.129622
0.131444
0.124420
0.124288
0.136338
0.127378
0.127155
0.135072
0.121694
0.132626
0.126550
0.137582
0.120927
0.116814
0.126486
0.121491
0.120012
0.144391
0.139210
0.170610
0.122233
0.128045
0.123614
0.122415
0.132390
0.124135
0.127387
0.125972
0.123523
0.127010
0.124952
0.121301
0.119214
0.121944
0.124686
0.129590
0.122839
0.122678
0.123643
0.119307
0.131580
0.127396
0.120507
0.118942
0.128732
0.126802
