0.127657
0.122914
0.118534
0.112542
0.118763
0.116522
0.117944
0.116781
0.128338
0.114442
0.123018
0.114431
0.113981
0.119421
0.115104
0.129268
0.115004
0.125792
0.115694
0.113296
0.120325
0.118058
0.124240
0.115185
0.118419
0.124055
0.135669
0.122395
0.114352
0.117684
0.117238
0.117599
0.125361
0.123070
0.124981
0.118470
0.122150
0.120783
0.119271
0.118375
0.117270
0.120082
0.125759
0.121879
0.118629
0.123442
0.117407
0.116790
0.116757
0.114245
0.127581
0.116157
0.118562
0.121512
0.116065
0.114728
0.115827
0.116294
0.117727
0.121474
0.124095
0.113065
0.117346
0.120492
0.113334
0.128032
0.121622
0.123383
0.116550
0.116778
0.122346
0.116764
0.113679
0.124805
0.131773
0.122782
0.115579
0.112593
0.124205
0.112129
0.116373
0.119274
0.123660
0.153851
0.123512
0.125875
0.115187
0.118441
0.120327
0.116731
0.119527
0.112693
0.126515
0.119296
0.116219
0.127954
0.116233
0.113425
0.114698
0.115743
0.123079
0.112016
0.121394
0.115822
0.119579
0.126614
0.116170
0.115811
0.113429
0.116188
0.118382
0.116399
0.115563
0.116909
0.119735
0.115582
0.122327
0.122807
0.115352
0.114770
0.121571
0.119888
0.120748
0.116685
0.115915
0.125758
0.119304
0.118247
0.114398
0.122061
0.117557
0.116222
0.113803
0.122891
0.125779
0.124702
0.117721
0.119073
0.116258
0.114783
0.119089
0.121538
0.117265
0.113086
0.116209
0.113829
0.122913
0.122963
0.113957
0.115563
0.116550
0.119155
0.117927
0.114557
0.114846
0.120692
0.118142
0.120153
0.122674
0.115515
0.129704
0.124615
0.119888
0.118614
0.122139
0.119365
0.114024
0.119730
0.132391
0.118436
0.118125
0.118445
0.117831
0.124261
0.114527
0.118251
0.118755
0.117059
0.118027
0.120085
0.116659
0.119190
0.116544
0.128329
0.119721
0.124695
0.119412
0.119638
0.114525
0.116513
0.117032
0.116189
0.116361
0.129551
0.119959
0.118258
0.122341
0.123927
0.120138
0.118739
0.116490
0.119415
0.127668
0.116319
0.119700
0.119229
0.118173
0.117017
0.117086
0.117813
0.121162
0.121623
0.119492
0.121428
0.120989
0.128069
0.122328
0.116497
0.113069
0.120193
0.116064
0.120256
0.122353
0.124495
0.120588
0.124072
0.117375
0.118624
0.124954
0.111262
0.112893
0.119026
0.112866
0.116063
0.114960
0.119063
0.119521
0.124504
0.121989
0.119867
0.119971
0.117219
0.121991
0.119273
0.121462
0.118421
0.124338
0.118617
0.120582
0.117702
0.124362
0.119543
0.120196
0.130467
0.122616
0.114573
0.117937
0.121596
0.118478
0.123810
0.119088
0.132152
0.118159
0.124624
0.118041
0.120379
0.117102
0.118040
0.120367
0.123113
0.116566
0.119738
0.116754
0.115093
0.119382
0.123818
0.118677
0.117941
0.125072
0.113960
0.116701
0.117982
0.113464
0.120631
0.115271
0.123146
0.116721
0.116459
0.113836
0.116164
0.118357
0.115608
0.113764
0.119485
0.120720
0.120368
0.119852
0.118761
0.117366
0.115065
0.117091
0.114253
0.117650
0.112942
0.120335
0.120499
0.123168
0.118821
0.114899
0.119452
0.121958
0.116830
0.120451
0.117580
0.118450
0.115979
0.115133
0.123757
0.117898
0.122827
0.118176
0.128391
0.118401
0.120510
0.118514
0.122733
0.115740
0.116377
0.120091
0.117972
0.115543
0.119050
0.114422
0.121858
0.119881
0.119508
0.115763
0.122927
0.120719
0.119232
0.119023
0.118539
0.120409
0.118035
0.114701
0.119342
0.117471
0.121495
0.122875
0.128095
0.117093
0.116606
0.116047
0.126364
0.113820
0.129247
0.115663
0.119942
0.116311
0.117745
0.118806
0.120354
0.117966
0.124724
0.115356
0.118077
0.118118
0.126363
0.121530
0.115822
0.117023
0.121159
0.114660
0.125877
0.117941
0.118624
0.116692
0.120829
0.116952
0.119158
0.126061
0.130957
0.114005
0.119898
0.122210
0.119444
0.119505
0.129326
0.125989
0.123319
0.124990
0.117452
0.119209
0.118596
0.116960
0.126641
0.125797
0.119146
0.117670
0.123436
0.124681
0.119894
0.117583
0.118035
0.118878
0.121913
0.125608
0.121564
0.119276
0.122184
0.113724
0.123987
0.115692
0.117375
0.119094
0.128389
0.117848
0.118271
0.118479
0.125684
0.119571
0.119782
0.121950
0.122110
0.116948
0.122875
0.128888
0.123452
0.125125
0.115352
0.118262
0.117577
0.121347
0.120590
0.118576
0.116479
0.113871
0.119139
0.195931
0.118262
0.123095
0.116162
0.115375
0.115492
0.122335
0.121405
0.114780
0.120294
0.135650
0.121060
0.122304
0.121916
0.117089
0.117203
0.121940
0.115485
0.118291
0.119139
0.118432
0.115471
0.124463
0.119415
0.124104
0.120416
0.120701
0.119497
0.118428
0.114698
0.112996
0.118706
0.121268
0.116496
0.114317
0.112778
0.124284
0.118754
0.122466
0.115346
0.115264
0.115925
0.116048
0.126150
0.125224
0.121343
0.119814
0.118400
0.121485
0.116946
0.120105
0.115163
0.116051
0.120833
0.116399
0.122268
0.119874
0.119219
0.116598
0.117808
0.124695
0.120543
0.123226
0.119907
0.121673
0.116793
0.116731
0.119929
0.119425
0.123887
0.124342
0.119323
0.118128
0.116723
0.125235
0.131269
0.134477
0.119194
0.114913
0.121345
0.118453
0.118485
0.123062
0.119373
0.114794
0.122872
0.118090
0.126699
0.115773
0.115851
0.119316
0.120105
0.116790
0.113636
0.127149
0.113894
0.119355
0.123354
0.127052
0.115823
0.122362
0.115794
0.126954
0.115302
0.120262
0.124697
0.118361
0.122835
0.125034
0.116919
0.117214
0.123433
0.115941
0.116961
0.124752
0.126665
0.120488
0.121697
0.120094
0.120546
0.123173
0.116756
0.118411
0.115059
0.115608
0.116226
0.117188
0.118620
0.132306
0.119371
0.118009
0.123948
0.119471
0.116674
0.120672
0.121526
0.123269
0.117360
0.117385
0.117171
0.119174
0.115705
0.122072
0.117176
0.118687
0.121136
0.118022
0.118656
0.121098
0.123610
0.121953
0.118780
0.119679
0.118867
0.120557
0.119744
0.117816
0.116276
0.121983
0.116250
0.117823
0.119915
0.126866
0.117633
0.115605
0.113712
0.113945
0.115084
0.117463
0.116561
0.120358
0.132853
0.122560
0.115156
0.119004
0.117989
0.125311
0.118580
0.120216
0.125190
0.120552
0.118366
0.116944
0.120262
0.117846
0.119890
0.122032
0.117170
0.119675
0.119202
0.123562
0.122294
0.117866
0.115500
0.122087
0.123306
0.123919
0.116376
0.121302
0.119717
0.124940
0.120045
0.122412
0.124352
0.127573
0.117795
0.124048
0.116249
0.119639
0.124597
0.118321
0.117270
0.123768
0.119520
0.119899
0.119208
0.117884
0.116361
0.117039
0.123387
0.121033
0.122405
0.115390
0.120798
0.121241
0.125211
0.124444
0.122848
0.121790
0.118619
0.115525
0.118198
0.119799
0.115776
0.118905
0.117904
0.116330
0.129225
0.118839
0.114519
0.119997
0.121294
0.118457
0.127916
0.116314
0.113412
0.113909
0.114130
0.115391
0.114466
0.117145
0.114874
0.115851
0.115839
0.113692
0.113521
0.114143
0.118047
0.125072
0.116917
0.117913
0.114867
0.116680
0.118766
0.117204
0.121872
0.118558
0.118275
0.118538
0.116409
0.122409
0.122147
0.120513
0.114968
0.117809
0.115943
0.123783
0.119014
0.121587
0.120747
0.126147
0.117671
0.126595
0.121199
0.116902
0.115217
0.122724
0.118914
0.125972
0.117059
0.121960
0.122626
0.123467
0.115488
0.116588
0.119601
0.118710
0.124035
0.121186
0.122324
0.120484
0.118712
0.122620
0.120347
0.117926
0.119735
0.128415
0.117261
0.121508
0.125331
0.119944
0.117582
0.125815
0.118166
0.119844
0.117816
0.121489
0.118326
0.112666
0.118146
0.118336
0.117990
0.119856
0.113334
0.114750
0.123950
0.115336
0.115980
0.120901
0.116164
0.122452
0.122370
0.118895
0.117317
0.114277
0.119447
0.119078
0.117955
0.116073
0.120683
0.124080
0.119330
0.128062
0.118242
0.119576
0.123794
0.116657
0.119385
0.140317
0.117797
0.126415
0.113417
0.116118
0.115521
0.118174
0.122321
0.127066
0.116643
0.116828
0.116843
0.124957
0.122385
0.123379
0.122268
0.123291
0.113529
0.129559
0.114237
0.119958
0.119977
0.121933
0.122639
0.121653
0.129586
0.117034
0.117294
0.118705
0.114836
0.119586
0.116180
0.118407
0.138753
0.114409
0.114697
0.115354
0.114492
0.114038
0.118576
0.125377
0.126334
0.120975
0.113540
0.131085
0.117606
0.116278
0.116289
0.121193
0.120079
0.118704
0.118588
0.122245
0.124450
0.121716
0.117097
0.119525
0.116645
0.140255
0.117991
0.118307
0.116883
0.119216
0.115631
0.115300
0.122840
0.133209
0.117222
0.123476
0.119038
0.115929
0.116984
0.115947
0.119415
0.117432
0.117652
0.119351
0.122758
0.118896
0.117295
0.119670
0.118309
0.121425
0.130306
0.116166
0.120570
0.119102
0.118486
0.118229
0.117109
0.115882
0.119861
0.124687
0.119448
0.122907
0.123131
0.119517
0.118498
0.121482
0.123608
0.126106
0.128948
0.117918
0.121361
0.119062
0.117409
0.116015
0.122548
0.119971
0.123420
0.120631
0.119952
0.117617
0.120944
0.115234
0.114339
0.117916
0.122795
0.119895
0.119015
0.116529
0.125860
0.116451
0.123275
0.120436
0.122946
0.115396
0.118335
0.119845
0.113182
0.118306
0.122269
0.118640
0.116712
0.121804
0.113753
0.122793
0.116873
0.117995
0.115353
0.113948
0.116167
0.123551
0.123181
0.124916
0.121206
0.119607
0.120974
0.114541
0.113831
0.117926
0.119121
0.121110
0.118633
0.119288
0.115468
0.117895
0.130030
0.121353
0.132172
0.125830
0.114129
0.120093
0.128644
0.118639
0.117771
0.116983
0.126654
0.118958
0.117144
0.117774
0.114336
0.115156
0.116343
0.116097
0.113891
0.125075
0.115516
0.123681
0.122497
0.119522
0.114654
0.118695
0.116274
0.125530
0.120957
0.117179
0.116358
0.120648
0.124018
0.117656
0.118274
0.118832
0.133559
0.116296
0.113373
0.117652
0.118761
0.120062
0.116187
0.117777
0.117522
0.120139
0.113654
0.121492
0.119290
0.118797
0.127190
0.118808
0.122024
0.129553
0.116719
0.123142
0.114126
