0.183504
0.196272
0.173634
0.180899
0.181147
0.170859
0.181029
0.183211
0.173034
0.188573
0.186182
0.197568
0.186493
0.183235
0.179173
0.184141
0.176308
0.188810
0.196782
0.201747
0.177905
0.186307
0.183066
0.181596
0.217330
0.189566
0.191631
0.181843
0.178796
0.183218
0.186519
0.182924
0.185628
0.198618
0.185467
0.186848
0.183480
0.195914
0.209524
0.197268
0.199624
0.177519
0.181076
0.175071
0.183398
0.207681
0.185520
0.180160
0.180917
0.182767
0.186309
0.195761
0.183718
0.188429
0.187565
0.223880
0.195194
0.203649
0.183818
0.186219
0.191870
0.180042
0.188575
0.184428
0.185706
0.189503
0.210497
0.187068
0.197225
0.237521
0.196445
0.195567
0.183373
0.205368
0.210304
0.195272
0.206110
0.212993
0.186618
0.191242
0.185889
0.179316
0.182064
0.190073
0.189463
0.190660
0.184271
0.184792
0.189008
0.186588
0.183278
0.185616
0.205602
0.199729
0.177092
0.188394
0.185520
0.180825
0.183184
0.181915
0.183401
0.186534
0.182535
0.197779
0.183222
0.194047
0.177466
0.187970
0.185869
0.181552
0.188356
0.183791
0.183476
0.189367
0.186191
0.185136
0.180503
0.189394
0.188211
0.186449
0.176953
0.181744
0.188780
0.184242
0.181338
0.194939
0.194322
0.200220
0.202865
0.181971
0.191415
0.189005
0.184656
0.186317
0.180495
0.186389
0.189996
0.192740
0.189654
0.199155
0.186948
0.182408
0.186365
0.193108
0.195952
0.183761
0.176839
0.181341
0.194129
0.186026
0.182401
0.186673
0.191586
0.199001
0.181868
0.186748
0.189278
0.190079
0.191266
0.186074
0.186669
0.185844
0.183714
0.194814
0.195727
0.187402
0.181989
0.180687
0.210683
0.193250
0.198442
0.183295
0.186740
0.264374
0.188313
0.194508
0.182404
0.194246
0.193597
0.222201
0.199004
0.188476
0.200961
0.176374
0.184476
0.191604
0.191277
0.183386
0.263851
0.184693
0.186677
0.189060
0.181443
0.185568
0.184144
0.186665
0.201474
0.185491
0.189302
0.188673
0.187536
0.191076
0.186187
0.188599
0.187515
0.193771
0.191997
0.197000
0.180621
0.195352
0.181120
0.192901
0.190339
0.179059
0.190626
0.185957
0.194434
0.184793
0.189839
0.199677
0.188992
0.202507
0.177285
0.180259
0.197302
0.186437
0.184987
0.198968
0.191112
0.189479
0.198564
0.182246
0.201511
0.182897
0.189087
0.213764
0.187127
0.199491
0.195879
0.188605
0.200666
0.182303
0.198833
0.180075
0.194539
0.189924
0.191304
0.195641
0.192418
0.195372
0.192432
0.184319
0.184909
0.185638
0.200782
0.176312
0.181920
0.193930
0.181783
0.201593
0.187945
0.188132
0.197059
0.187646
0.211342
0.188827
0.199797
0.195700
0.187258
0.199851
0.187940
0.195766
0.179380
0.177534
0.197246
0.186270
0.184467
0.188083
0.186913
0.196258
0.185280
0.191138
0.191033
0.200402
0.195614
0.177746
0.188295
0.183873
0.186624
0.202013
0.191770
0.189359
0.193818
0.192140
0.186684
0.188175
0.183438
0.186429
0.195299
0.186203
0.179685
0.190701
0.188549
0.195728
0.192463
0.189190
0.186286
0.179869
0.185069
0.190770
0.185418
0.188541
0.185951
0.187971
0.188649
0.191784
0.189700
0.196456
0.193554
0.183488
0.183981
0.184625
0.179016
0.204645
0.184892
0.189453
0.188033
0.183586
0.196385
0.197594
0.195538
0.196370
0.194560
0.185136
0.179513
0.195862
0.185068
0.203095
0.177370
0.188445
0.186623
0.178778
0.191294
0.193346
0.194520
0.189995
0.190958
0.199402
0.193448
0.190558
0.183733
0.197326
0.192857
0.190411
0.183481
0.182213
0.190660
0.196106
0.183915
0.187890
0.186698
0.179735
0.191849
0.187762
0.184037
0.188575
0.183877
0.201291
0.191136
0.181378
0.198542
0.195606
0.200095
0.184637
0.183506
0.185234
0.187543
0.198618
0.191154
0.186546
0.186206
0.191046
0.196611
0.187980
0.193273
0.187933
0.198564
0.183870
0.193639
0.183311
0.190038
0.187530
0.192782
0.196132
0.186797
0.183542
0.194343
0.195835
0.190880
0.194561
0.194973
0.201608
0.184040
0.179027
0.185805
0.185935
0.198541
0.195223
0.195738
0.196289
0.199200
0.184466
0.186962
0.188019
0.182303
0.203737
0.189472
0.194215
0.187094
0.191754
0.201581
0.186137
0.187662
0.188968
0.189363
0.206560
0.185295
0.192025
0.184461
0.191415
0.205898
0.186749
0.190634
0.183637
0.183577
0.202038
0.187572
0.179583
0.198379
0.187080
0.205784
0.186022
0.187992
0.184316
0.191125
0.191527
0.182686
0.186374
0.186246
0.194959
0.192216
0.190625
0.186644
0.183528
0.184911
0.190425
0.182526
0.191543
0.188932
0.201120
0.190397
0.185154
0.181367
0.180753
0.190051
0.180569
0.185949
0.200885
0.194248
0.196371
0.183735
0.192681
0.188915
0.191032
0.199055
0.179303
0.194108
0.183983
0.193905
0.184305
0.200667
0.180867
0.184370
0.186190
0.193247
0.185596
0.183580
0.194322
0.194514
0.201447
0.184519
0.195483
0.182982
0.190382
0.188507
0.188613
0.181515
0.185958
0.197863
0.187670
0.186965
0.187938
0.183386
0.202158
0.204902
0.200607
0.179509
0.193707
0.196917
0.178751
0.183907
0.188737
0.183927
0.187758
0.177318
0.188930
0.191913
0.200255
0.195709
0.197063
0.181272
0.185020
0.185784
0.202106
0.191445
0.184963
0.186458
0.190117
0.198472
0.182279
0.183255
0.186681
0.179500
0.216196
0.185200
0.187121
0.180927
0.218240
0.181589
0.175579
0.186746
0.183922
0.196327
0.191856
0.189351
0.196036
0.186780
0.190504
0.186351
0.192214
0.186127
0.210182
0.183753
0.183561
0.179961
0.185857
0.196524
0.197212
0.187999
0.196907
0.188557
0.201349
0.189661
0.185182
0.191867
0.183271
0.200324
0.191322
0.192767
0.183285
0.179206
0.190030
0.201253
0.191856
0.179994
0.181751
0.183773
0.188602
0.181468
0.181295
0.177218
0.190832
0.191858
0.197241
0.190508
0.186671
0.188677
0.201003
0.171144
0.150931
0.153938
0.154366
0.162493
0.153226
0.157004
0.158712
0.155452
0.170297
0.159040
0.150160
0.160081
0.168612
0.157583
0.157761
0.159557
0.156787
0.159318
0.159715
0.167190
0.167965
0.154461
0.157716
0.151925
0.156619
0.154404
0.167789
0.159391
0.153918
0.167004
0.158028
0.156760
0.183023
0.162616
0.151559
0.159498
0.158859
0.162050
0.154268
0.155710
0.160532
0.156823
0.162297
0.168170
0.161368
0.150682
0.157870
0.152995
0.162426
0.180711
0.159827
0.158673
0.155369
0.157120
0.151708
0.176074
0.163008
0.157425
0.155225
0.158252
0.160749
0.167637
0.154053
0.155422
0.154166
0.149776
0.151137
0.168140
0.156251
0.153678
0.153295
0.155357
0.160044
0.155230
0.152524
0.163449
0.158418
0.149887
0.173101
0.156847
0.150319
0.159420
0.156642
0.158934
0.175556
0.176266
0.153505
0.153900
0.153659
0.164102
0.154983
0.160075
0.160746
0.153802
0.162068
0.156044
0.162780
0.150815
0.158243
0.154212
0.158391
0.162529
0.169035
0.149502
0.154783
0.150108
0.164384
0.161565
0.149134
0.158827
0.154118
0.160279
0.149788
0.174815
0.164520
0.151081
0.173407
0.163225
0.154913
0.160997
0.160599
0.160272
0.162489
0.152691
0.160189
0.164840
0.159381
0.155560
0.155773
0.152695
0.154748
0.165529
0.165331
0.150591
0.158528
0.160516
0.156531
0.156810
0.164949
0.153755
0.159287
0.155879
0.166654
0.153110
0.157075
0.158228
0.154115
0.156238
0.168556
0.162774
0.162095
0.153095
0.161786
0.170885
0.162800
0.150304
0.155117
0.160190
0.161559
0.165753
0.166898
0.150391
0.147056
0.162755
0.164766
0.165672
0.160948
0.153702
0.152550
0.160192
0.154926
0.157129
0.159271
0.151397
0.150469
0.147451
0.164993
0.148659
0.169016
0.155921
0.153826
0.158206
0.167914
0.164991
0.153766
0.153846
0.161577
0.155166
0.153694
0.159606
0.157412
0.155114
0.154518
0.152626
0.172909
0.171891
0.155019
0.160356
0.168684
0.158428
0.161102
0.161605
0.160009
0.159470
0.166999
0.161189
0.159323
0.158938
0.168618
0.163754
0.154523
0.159213
0.166390
0.161691
0.154612
0.156786
0.154042
0.162498
0.175473
0.150807
0.158188
0.155634
0.155859
0.151795
0.164269
0.157593
0.155148
0.159118
0.165212
0.158942
0.165778
0.160619
0.163395
0.151831
0.155439
0.159047
0.170433
0.160654
0.152414
0.176960
0.160302
0.164626
0.158762
0.158628
0.150930
0.170862
0.152137
0.167815
0.161924
0.155461
0.153815
0.153673
0.159784
0.176152
0.159326
0.165686
0.164724
0.149908
0.159456
0.157243
0.146788
0.146659
0.157764
0.162564
0.158382
0.159817
0.157109
0.148512
0.150400
0.164092
0.170896
0.158128
0.160821
0.158857
0.163008
0.161470
0.170079
0.158494
0.158975
0.157226
0.154279
0.162120
0.188583
0.152690
0.167260
0.178357
0.164341
0.176233
0.163516
0.155690
0.165127
0.154355
0.159745
0.181946
0.184072
0.156015
0.167321
0.174132
0.163561
0.163095
0.154967
0.166210
0.162958
0.161883
0.172814
0.167278
0.170269
0.156628
0.154178
0.157854
0.176350
0.151918
0.156765
0.158418
0.154741
0.160224
0.165366
0.169230
0.171528
0.154693
0.158522
0.165434
0.160877
0.156870
0.160952
0.156380
0.159550
0.163906
0.167204
0.160790
0.150426
0.160193
0.170868
0.176389
0.155505
0.155946
0.154249
0.157728
0.180356
0.166816
0.162374
0.165539
0.157175
0.153430
0.165621
0.158482
0.161013
0.164086
0.159450
0.162844
0.165055
0.154526
0.160686
0.162707
0.171437
0.170224
0.169008
0.165164
0.169219
0.171126
0.163670
0.178985
0.172898
0.157835
0.163199
0.160697
0.167607
0.164362
0.158525
0.160958
0.152030
0.164658
0.207028
0.185442
0.156331
0.159278
0.168571
0.167804
0.169269
0.160885
0.172511
0.165357
0.166824
0.165990
0.163621
0.159620
0.162115
0.155622
0.157377
0.174710
0.159883
0.166651
0.153677
0.167849
0.158620
0.170040
0.173637
0.153205
0.163095
0.159525
0.179161
0.162395
0.177447
0.176487
0.186466
0.184847
0.185975
0.155743
0.153128
0.149540
0.162977
