0.171472
0.183582
0.178340
0.173069
0.166913
0.174557
0.169357
0.174423
0.167050
0.171492
0.170477
0.164601
0.170005
0.179860
0.179664
0.172326
0.166540
0.174759
0.188663
0.164213
0.167225
0.173790
0.178265
0.180200
0.169054
0.170133
0.172116
0.165938
0.184861
0.167840
0.182086
0.167094
0.174758
0.171441
0.178773
0.179339
0.163416
0.173622
0.166998
0.183567
0.176080
0.172572
0.194347
0.170960
0.184999
0.171099
0.172223
0.173448
0.171602
0.162830
0.176267
0.171133
0.177497
0.176235
0.169090
0.190651
0.166490
0.174338
0.174948
0.168550
0.177412
0.175089
0.161107
0.172913
0.175884
0.171555
0.176628
0.177064
0.186094
0.173652
0.168285
0.173734
0.180712
0.172413
0.178346
0.167577
0.169407
0.176906
0.166789
0.172016
0.169082
0.182260
0.183124
0.175659
0.170158
0.177761
0.178174
0.182521
0.170601
0.169915
0.177506
0.171612
0.177161
0.176418
0.177313
0.172438
0.174373
0.174065
0.176876
0.171497
0.180214
0.172697
0.173274
0.185005
0.169112
0.169999
0.183545
0.176138
0.174905
0.174138
0.166377
0.164180
0.164664
0.165718
0.187137
0.173928
0.167130
0.169360
0.169422
0.183486
0.177502
0.180886
0.173782
0.177331
0.173475
0.182520
0.168356
0.170960
0.169763
0.165441
0.181812
0.186138
0.168534
0.164945
0.167050
0.181130
0.179783
0.178772
0.175907
0.166812
0.161947
0.177193
0.169724
0.166943
0.161915
0.177231
0.192738
0.166194
0.170220
0.191565
0.167371
0.178957
0.167215
0.169878
0.168667
0.173238
0.172113
0.188516
0.173569
0.174807
0.181964
0.168541
0.181045
0.181505
0.175406
0.176888
0.169860
0.170069
0.169587
0.178317
0.172271
0.179055
0.183390
0.169686
0.173893
0.174220
0.175491
0.168380
0.184469
0.171919
0.170044
0.178020
0.193492
0.174751
0.166757
0.167513
0.177397
0.176864
0.172713
0.178889
0.167492
0.166064
0.173089
0.174015
0.177538
0.170262
0.173404
0.169200
0.164724
0.182610
0.174072
0.170716
0.181721
0.168180
0.184113
0.167085
0.169570
0.175062
0.174348
0.175191
0.186746
0.172111
0.164099
0.170889
0.175238
0.171470
0.179219
0.170174
0.168056
0.175678
0.171743
0.170338
0.172122
0.184657
0.168822
0.169060
0.174258
0.168677
0.171656
0.173537
0.178842
0.174020
0.178628
0.175171
0.169757
0.169493
0.193350
0.174115
0.172029
0.172551
0.176168
0.172102
0.189196
0.171472
0.169237
0.175036
0.175190
0.176545
0.175349
0.173326
0.181206
0.170811
0.172905
0.184492
0.172396
0.172347
0.181478
0.168929
0.191442
0.167825
0.168962
0.170505
0.167372
0.180868
0.171870
0.175748
0.180835
0.171112
0.177065
0.180163
0.181426
0.182325
0.175568
0.172013
0.190680
0.169224
0.168910
0.173668
0.170638
0.175597
0.178065
0.171936
0.182630
0.165661
0.173400
0.185068
0.183680
0.172239
0.171744
0.176238
0.173684
0.172298
0.166035
0.168466
0.170551
0.178346
0.165001
0.171336
0.165447
0.172450
0.164116
0.197787
0.181674
0.175043
0.172359
0.177995
0.185878
0.171107
0.174478
0.168963
0.176706
0.172247
0.174612
0.178428
0.182109
0.177011
0.175980
0.167366
0.189132
0.186350
0.171920
0.177439
0.171552
0.181822
0.176057
0.170797
0.173878
0.184827
0.166850
0.166663
0.177293
0.175125
0.178202
0.178020
0.171328
0.170393
0.167981
0.177768
0.172396
0.171529
0.180253
0.172997
0.174714
0.178817
0.177609
0.175547
0.173170
0.174043
0.176274
0.167738
0.167301
0.177869
0.172403
0.180403
0.182608
0.167360
0.173884
0.178005
0.172293
0.181391
0.168650
0.179204
0.169660
0.179663
0.174834
0.169966
0.171176
0.170548
0.171422
0.170628
0.183586
0.181627
0.168418
0.169789
0.186354
0.174672
0.171964
0.175484
0.170879
0.183466
0.180510
0.178567
0.173570
0.173049
0.178626
0.175604
0.164229
0.196051
0.170981
0.170101
0.169026
0.180216
0.172507
0.187314
0.181560
0.175913
0.181575
0.172366
0.177882
0.167038
0.172392
0.172081
0.166176
0.170880
0.170347
0.165987
0.168571
0.171267
0.176825
0.171660
0.173467
0.176238
0.187707
0.188026
0.171012
0.178442
0.180958
0.182844
0.182190
0.167982
0.182766
0.181077
0.183995
0.197659
0.186425
0.174187
0.177099
0.180994
0.178891
0.177224
0.184014
0.170846
0.176911
0.183799
0.183848
0.178135
0.182086
0.176982
0.186986
0.180369
0.177614
0.177067
0.186766
0.188498
0.183371
0.182513
0.180936
0.179935
0.188215
0.179845
0.178995
0.173134
0.174293
0.177766
0.174240
0.182134
0.171417
0.178772
0.178921
0.181409
0.189717
0.176520
0.180813
0.178476
0.180090
0.185608
0.182484
0.182157
0.178990
0.200460
0.170027
0.181151
0.180923
0.172589
0.201150
0.174147
0.178838
0.176706
0.177165
0.190099
0.183512
0.178695
0.185473
0.177913
0.190875
0.175937
0.181162
0.177052
0.184555
0.184837
0.183486
0.183742
0.182085
0.186502
0.187760
0.181844
0.177115
0.176855
0.184147
0.181503
0.181992
0.179567
0.187660
0.184856
0.176954
0.175840
0.179363
0.176021
0.178941
0.178056
0.195484
0.175653
0.180423
0.173645
0.179103
0.182846
0.186772
0.174787
0.175738
0.176071
0.183889
0.175022
0.187398
0.173582
0.181771
0.210062
0.189868
0.170536
0.180364
0.172183
0.186380
0.184228
0.179417
0.175013
0.177008
0.180450
0.180351
0.186150
0.180173
0.176666
0.177380
0.174075
0.183288
0.189128
0.178125
0.172839
0.179174
0.170258
0.176832
0.176892
0.176509
0.184869
0.181287
0.183066
0.174397
0.180360
0.191294
0.181197
0.175305
0.176456
0.189375
0.180755
0.179382
0.184021
0.177040
0.181841
0.194294
0.176720
0.178529
0.172628
0.184247
0.178194
0.180871
0.183337
0.176781
0.195650
0.184758
0.192633
0.180431
0.173462
0.185603
0.179146
0.187781
0.185363
0.180180
0.173208
0.177854
0.196296
0.179115
0.191464
0.169768
0.181990
0.186650
0.179623
0.176671
0.178947
0.180919
0.178484
0.177009
0.172804
0.175469
0.176063
0.178254
0.175744
0.173567
0.183772
0.183225
0.186501
0.182259
0.182463
0.173450
0.175275
0.182362
0.188178
0.173018
0.189945
0.188958
0.175226
0.183491
0.176557
0.176762
0.182349
0.177320
0.195581
0.179057
0.179711
0.180459
0.186277
0.196281
0.186733
0.180194
0.181719
0.179499
0.190980
0.179352
0.172288
0.176353
0.175311
0.190564
0.176547
0.178667
0.178142
0.185801
0.191574
0.176948
0.175873
0.186246
0.178773
0.195605
0.181144
0.176495
0.178009
0.183685
0.189608
0.184093
0.181011
0.174221
0.174825
0.178949
0.192528
0.170903
0.180478
0.180429
0.181605
0.186464
0.175506
0.181472
0.174042
0.175961
0.188192
0.177633
0.179985
0.172825
0.180661
0.184309
0.175816
0.174089
0.171387
0.182091
0.183239
0.191663
0.179851
0.182775
0.181261
0.176893
0.182745
0.176841
0.171412
0.181549
0.176438
0.176441
0.177372
0.182397
0.179085
0.179885
0.183830
0.190862
0.176531
0.174595
0.193092
0.181915
0.182209
0.177361
0.176208
0.176077
0.179515
0.180461
0.187056
0.172407
0.172969
0.180710
0.177037
0.176201
0.190946
0.176631
0.182777
0.188138
0.185033
0.169263
0.187837
0.183602
0.181265
0.179346
0.176606
0.187069
0.182617
0.185080
0.177943
0.177329
0.178461
0.178584
0.195389
0.181761
0.178629
0.177215
0.184744
0.188296
0.173112
0.172604
0.178534
0.176762
0.181615
0.181354
0.179508
0.170911
0.178873
0.183803
0.180025
0.197936
0.173589
0.175176
0.183452
0.180221
0.175821
0.182369
0.173767
0.183065
0.199296
0.175450
0.180860
0.173120
0.174205
0.186150
0.176118
0.184417
0.182681
0.177266
0.191031
0.186315
0.175407
0.180574
0.195776
0.181377
0.176906
0.174288
0.183206
0.176968
0.189688
0.169884
0.168152
0.170840
0.175803
0.189994
0.182193
0.185150
0.184566
0.181390
0.188059
0.185450
0.179267
0.184388
0.172861
0.187091
0.182946
0.200777
0.179117
0.173498
0.176208
0.181541
0.192493
0.176475
0.181846
0.176156
0.193640
0.176338
0.179687
0.179427
0.173528
0.183564
0.184634
0.177575
0.181800
0.179795
0.191147
0.184599
0.187019
0.186271
0.192145
0.189374
0.181837
0.182565
0.175272
0.174390
0.192986
0.186159
0.176785
0.175331
0.173797
0.185802
0.175922
0.180371
0.182611
0.178240
0.186266
0.188609
0.179561
0.177410
0.174942
0.182572
0.184306
0.176542
0.182928
0.177117
0.172780
0.179060
0.177038
0.180060
0.175621
0.178642
0.186672
0.181322
0.176508
0.182498
0.182899
0.188218
0.177132
0.172946
0.173373
0.189883
0.183711
0.177161
0.173409
0.182220
0.182717
0.181202
0.186269
0.178468
0.181051
0.176530
0.173222
0.186360
0.179064
0.179044
0.181425
0.176554
0.197934
0.177477
0.185307
0.178805
0.178273
0.197210
0.174729
0.178878
0.178135
0.178558
0.184943
0.189974
0.179573
0.177943
0.192399
0.186716
0.172035
0.183792
0.185170
0.177759
0.185378
0.178159
0.186099
0.172992
0.177663
0.181884
0.179324
0.182468
0.194151
0.184302
0.183902
0.177283
0.181608
0.173037
0.191033
0.182418
0.197232
0.176106
0.177716
0.187913
0.177195
0.185650
0.179620
0.180542
0.181299
0.183989
0.183180
0.176665
0.179277
0.176856
0.182254
0.194986
0.174948
0.182082
0.175179
0.184480
0.208311
0.181279
0.183044
0.185131
0.170143
0.182915
0.181599
0.186476
0.182896
0.179947
0.185226
0.173057
0.181686
0.183915
0.177598
0.187549
0.178799
0.179178
0.175942
0.173253
0.191910
0.183040
0.180334
0.183498
0.193085
0.183193
0.177453
0.178164
0.177880
0.173189
0.182834
0.184085
0.188057
0.185658
0.176863
0.181676
0.180767
0.178139
0.173676
0.178909
0.179701
0.184494
0.182242
0.173691
0.173819
0.182490
0.190897
0.174795
0.190507
0.181049
0.176175
0.184038
0.181890
0.180443
0.177487
0.180445
0.183905
0.180664
0.173185
0.182985
0.179043
0.198530
0.172281
0.180872
0.177480
0.181015
0.186775
0.184028
0.184879
