0.113461
0.114097
0.117073
0.122801
0.098510
0.106807
0.120144
0.109750
0.106535
0.109250
0.112154
0.118074
0.119121
0.122710
0.111115
0.114284
0.116975
0.123353
0.112446
0.103164
0.108219
0.113213
0.116227
0.113387
0.112764
0.124593
0.111434
0.121282
0.120108
0.116889
0.102349
0.101585
0.111051
0.110209
0.117118
0.112901
0.109380
0.122756
0.118172
0.115372
0.110064
0.128017
0.113453
0.121279
0.115109
0.106753
0.120233
0.114910
0.116086
0.119683
0.094739
0.102238
0.112498
0.108053
0.106195
0.108249
0.124079
0.105518
0.106817
0.111859
0.115152
0.115071
0.113823
0.116038
0.113903
0.100081
0.094949
0.108486
0.125848
0.109214
0.123580
0.124466
0.100213
0.121583
0.113487
0.115628
0.113440
0.122869
0.114910
0.115622
0.109774
0.116951
0.108329
0.114995
0.108580
0.114712
0.110784
0.113335
0.108477
0.119450
0.118255
0.105210
0.115366
0.118362
0.101088
0.121809
0.100086
0.111333
0.119624
0.094737
0.087065
0.118459
0.126427
0.104916
0.118316
0.130089
0.133434
0.105704
0.094727
0.106391
0.115602
0.105520
0.115937
0.108627
0.116836
0.116033
0.110947
0.111891
0.110049
0.107877
0.113118
0.118393
0.114089
0.116042
0.104127
0.125279
0.109567
0.106732
0.116184
0.116595
0.099722
0.112146
0.104970
0.086954
0.113108
0.120110
0.101485
0.107083
0.117554
0.119381
0.111841
0.108871
0.117796
0.113619
0.110394
0.119526
0.114533
0.116148
0.110020
0.101074
0.108076
0.113796
0.111086
0.111174
0.111923
0.105474
0.115653
0.110156
0.111277
0.112963
0.111245
0.114199
0.107855
0.111243
0.104681
0.100086
0.105924
0.089489
0.116077
0.115888
0.104287
0.113770
0.116810
0.116724
0.105376
0.115863
0.110609
0.114534
0.109856
0.108037
0.113823
0.114071
0.118582
0.120464
0.121104
0.112044
0.115709
0.126173
0.121425
0.118952
0.115925
0.100095
0.124849
0.114506
0.106693
0.109983
0.117526
0.106275
0.120558
0.117493
0.099841
0.093963
0.120853
0.119282
0.115617
0.119912
0.122565
0.111836
0.103794
0.107086
0.120604
0.113042
0.111910
0.111478
0.124066
0.107634
0.118454
0.113236
0.116235
0.111373
0.109493
0.108383
0.122245
0.111445
0.112122
0.109985
0.105061
0.110522
0.105429
0.113655
0.113295
0.113656
0.116376
0.105065
0.105505
0.112244
0.119334
0.113370
0.114739
0.118958
0.109266
0.112566
0.121656
0.116089
0.116113
0.106730
0.102996
0.117423
0.120063
0.103226
0.120322
0.116297
0.119728
0.108313
0.104348
0.108470
0.112778
0.117461
0.115312
0.120093
0.115815
0.103237
0.119761
0.113571
0.106054
0.119119
0.111988
0.103307
0.105247
0.112566
0.102101
0.116591
0.116333
0.111681
0.131347
0.128880
0.112017
0.099536
0.111466
0.124778
0.107461
0.119879
0.106051
0.116431
0.110202
0.112276
0.116465
0.108638
0.113152
0.114964
0.123005
0.112328
0.119303
0.117957
0.113177
0.112213
0.118216
0.113860
0.118039
0.121356
0.109003
0.105397
0.110451
0.102696
0.108803
0.121883
0.114404
0.108982
0.126107
0.121426
0.111247
0.119127
0.116662
0.110811
0.121034
0.116435
0.110291
0.122472
0.109093
0.114378
0.122948
0.116197
0.116077
0.119302
0.107842
0.111178
0.113501
0.111966
0.104476
0.112972
0.115204
0.116074
0.117220
0.116849
0.109788
0.111418
0.102114
0.082344
0.105981
0.110054
0.113311
0.123467
0.113928
0.111690
0.121166
0.109632
0.114436
0.112063
0.101862
0.108884
0.115369
0.111422
0.112134
0.117022
0.111891
0.107035
0.120519
0.112006
0.114046
0.110991
0.112250
0.123911
0.125792
0.114082
0.106552
0.116152
0.115981
0.106958
0.110172
0.104670
0.103892
0.109604
0.109012
0.107844
0.109537
0.116262
0.114941
0.117150
0.117457
0.106141
0.112118
0.119582
0.106569
0.107357
0.108783
0.110593
0.116863
0.115651
0.102101
0.108906
0.117144
0.106058
0.107583
0.107980
0.112596
0.113012
0.115886
0.106144
0.113876
0.120223
0.108465
0.134648
0.097065
0.100452
0.096766
0.111110
0.118761
0.118331
0.113616
0.110628
0.113291
0.113126
0.113828
0.113175
0.110497
0.102131
0.114668
0.115419
0.110155
0.104855
0.119555
0.110205
0.116915
0.120992
0.106120
0.116941
0.110818
0.100520
0.115199
0.119754
0.110637
0.111139
0.111341
0.111942
0.104488
0.112096
0.108032
0.100512
0.105957
0.098121
0.109596
0.111043
0.109759
0.114670
0.135511
0.110358
0.106608
0.112920
0.104882
0.112428
0.125657
0.119106
0.104826
0.114602
0.114806
0.120793
0.111435
0.111499
0.113506
0.113252
0.118739
0.113831
0.107938
0.122212
0.107198
0.117905
0.124677
0.112095
0.115968
0.108090
0.111296
0.099331
0.115311
0.107819
0.117832
0.111526
0.108950
0.116484
0.129110
0.108859
0.111934
0.104806
0.116783
0.112486
0.112506
0.108464
0.118100
0.110784
0.113950
0.114931
0.117681
0.112673
0.116906
0.103618
0.108315
0.108123
0.127040
0.103743
0.118062
0.119432
0.104277
0.115825
0.116907
0.107444
0.105570
0.091919
0.095401
0.124996
0.119893
0.126865
0.123879
0.120104
0.103605
0.105752
0.120205
0.126542
0.112088
0.112962
0.110752
0.116139
0.106191
0.117249
0.108887
0.115918
0.115078
0.118206
0.116048
0.124498
0.105953
0.109846
0.122982
0.120565
0.086861
0.111646
0.125067
0.111655
0.113809
0.108698
0.098013
0.117191
0.125800
0.117936
0.099365
0.113104
0.104240
0.116135
0.114196
0.116857
0.106224
0.124781
0.105086
0.113602
0.111185
0.109524
0.117817
0.117649
0.111172
0.118678
0.111445
0.107347
0.109551
0.111750
0.109619
0.117468
0.102916
0.116395
0.108723
0.117931
0.122039
0.116225
0.107710
0.096399
0.093624
0.120551
0.105885
0.113326
0.112109
0.119247
0.119707
0.120497
0.102665
0.111419
0.109445
0.113162
0.113423
0.115087
0.116417
0.106948
0.115729
0.118993
0.109563
0.122117
0.109031
0.109345
0.127377
0.108329
0.129291
0.120717
0.114304
0.097884
0.103170
0.123592
0.139432
0.121535
0.120355
0.119151
0.128875
0.111482
0.132164
0.098745
0.112938
0.115749
0.111107
0.122007
0.114126
0.108785
0.118000
0.113258
0.118243
0.114020
0.125836
0.103268
0.111085
0.119089
0.111294
0.116167
0.122984
0.117587
0.119393
0.124395
0.114417
0.113114
0.124910
0.119908
0.118194
0.127533
0.114744
0.091629
0.100660
0.107920
0.124525
0.131192
0.113586
0.110018
0.123675
0.111336
0.121721
0.113175
0.120965
0.106762
0.109759
0.114579
0.115979
0.121962
0.093488
0.105259
0.105564
0.117247
0.107309
0.126826
0.115051
0.112397
0.126354
0.123360
0.111152
0.112861
0.114170
0.116157
0.110461
0.112176
0.110061
0.100501
0.095750
0.109305
0.107948
0.113702
0.118265
0.114960
0.115613
0.101244
0.109073
0.115083
0.099686
0.127048
0.116240
0.119746
0.113872
0.117878
0.120540
0.119884
0.114780
0.112070
0.110276
0.112230
0.114428
0.110825
0.115259
0.102942
0.108940
0.108750
0.122503
0.116664
0.108689
0.124573
0.098883
0.104237
0.106545
0.120952
0.117661
0.118214
0.126495
0.105281
0.113938
0.119788
0.116494
0.109485
0.121397
0.111711
0.111926
0.117138
0.110736
0.118258
0.114500
0.119649
0.107130
0.114023
0.110003
0.116303
0.117546
0.114192
0.122198
0.106347
0.115164
0.120081
0.116797
0.127418
0.103912
0.094466
0.111036
0.111522
0.119067
0.113827
0.112874
0.122143
0.112492
0.111043
0.125727
0.108817
0.111272
0.113397
0.113363
0.101252
0.102867
0.125322
0.123930
0.119484
0.110661
0.128943
0.125805
0.124917
0.106575
0.110215
0.122828
0.125168
0.119112
0.107459
0.113524
0.124160
0.088566
0.102460
0.095394
0.103522
0.116799
0.119738
0.115401
0.123825
0.114732
0.107839
0.124623
0.124319
0.107582
0.117272
0.118606
0.112418
0.117445
0.121303
0.113450
0.118243
0.122435
0.115237
0.120771
0.115476
0.117450
0.123755
0.110137
0.109213
0.112693
0.120767
0.097108
0.111614
0.117504
0.108051
0.105862
0.103409
0.109844
0.104798
0.108161
0.115059
0.112465
0.118405
0.109260
0.116498
0.109125
0.107134
0.112079
0.127209
0.109584
0.112380
0.115996
0.112443
0.104886
0.121011
0.114957
0.119853
0.122644
0.113191
0.102747
0.115257
0.106701
0.110816
0.121627
0.103806
0.119752
0.115818
0.114411
0.119085
0.116825
0.095570
0.114980
0.108890
0.109339
0.118409
0.112792
0.118402
0.119752
0.124987
0.121197
0.101130
0.120231
0.112124
0.127666
0.138713
0.127190
0.114299
0.101364
0.112610
0.106709
0.105080
0.117029
0.117648
0.128832
0.122209
0.126328
0.111553
0.102158
0.108126
0.116311
0.113198
0.085216
0.082357
0.107796
0.116391
0.103289
0.114369
0.107920
0.113492
0.108773
0.112741
0.115731
0.113122
0.104527
0.117450
0.116737
0.110002
0.113220
0.107056
0.120064
0.117754
0.119665
0.106226
0.111413
0.112090
0.106077
0.108940
0.130253
0.118052
0.104153
0.114311
0.108085
0.119106
0.107763
0.124732
0.099358
0.090081
0.108788
0.119484
0.120663
0.114693
0.116803
0.106978
0.108759
0.111403
0.112771
0.097430
0.112181
0.115630
0.102548
0.098788
0.104991
0.105035
0.118286
0.105578
0.120333
0.104117
0.112110
0.112387
0.117107
0.122727
0.113667
0.106507
0.115223
0.109712
0.114493
0.113773
0.113556
0.111337
0.107996
0.111346
0.097461
0.109938
0.114693
0.114606
0.120394
0.109566
0.115204
0.117529
0.106469
0.118520
0.112235
0.107195
0.109946
0.119465
0.109786
0.118543
0.122641
0.114313
0.114861
0.099826
0.119306
0.114681
0.113341
0.109349
0.111734
0.111705
0.070467
0.121117
0.118605
0.104128
0.116636
0.115701
0.109049
0.100998
0.101491
0.107238
0.110939
0.120772
0.113126
0.109139
0.110974
0.108180
0.105553
0.117409
0.116042
0.112057
0.113054
0.114263
0.113838
0.110868
0.118983
0.108327
0.123414
0.108297
0.114410
0.116838
0.117136
0.123074
0.117982
0.108065
0.119220
0.119687
