0.096026
0.116785
0.115943
0.102002
0.110587
0.105535
0.095571
0.096245
0.094434
0.095445
0.098513
0.102437
0.098345
0.102290
0.096183
0.094293
0.094734
0.102744
0.101351
0.095718
0.107509
0.099183
0.099949
0.097134
0.102873
0.099789
0.096155
0.097455
0.096886
0.096757
0.103896
0.103398
0.101292
0.100427
0.096754
0.102016
0.103718
0.095676
0.096428
0.106280
0.101430
0.095561
0.099262
0.093212
0.103247
0.096872
0.102906
0.097680
0.096301
0.111873
0.098223
0.095030
0.101828
0.098470
0.095630
0.095589
0.094150
0.100509
0.100930
0.104252
0.107447
0.098105
0.097874
0.112724
0.095606
0.095850
0.111282
0.099889
0.099053
0.099404
0.096726
0.099892
0.097561
0.095607
0.099407
0.101999
0.097872
0.106820
0.102604
0.097638
0.105913
0.093908
0.096022
0.097884
0.098808
0.097099
0.114055
0.100905
0.106822
0.108204
0.100044
0.101133
0.102924
0.096050
0.096820
0.102312
0.105860
0.099249
0.095322
0.098786
0.102079
0.096601
0.098307
0.097101
0.101559
0.110620
0.098037
0.096718
0.098415
0.103177
0.102606
0.104429
0.100207
0.094036
0.127475
0.098685
0.101333
0.094477
0.108480
0.094016
0.093579
0.093360
0.098189
0.109470
0.099598
0.095728
0.097219
0.098727
0.099402
0.095254
0.099964
0.095149
0.103461
0.102936
0.097412
0.104488
0.098921
0.099687
0.106648
0.102699
0.103042
0.102335
0.119540
0.095728
0.097758
0.102787
0.099102
0.098111
0.101596
0.097274
0.096956
0.107065
0.100736
0.097827
0.108882
0.094206
0.101314
0.099183
0.104245
0.103460
0.099880
0.110590
0.097999
0.097904
0.101588
0.095304
0.099694
0.095869
0.101714
0.095130
0.117255
0.096674
0.095555
0.094909
0.096402
0.096313
0.100574
0.095344
0.097628
0.096368
0.100698
0.099888
0.097027
0.105880
0.126928
0.100891
0.108843
0.100498
0.097005
0.102714
0.100767
0.102192
0.094185
0.096491
0.097491
0.097260
0.097968
0.096265
0.110280
0.096184
0.098690
0.094671
0.106017
0.096304
0.100393
0.095022
0.099040
0.104008
0.108794
0.099247
0.098016
0.098590
0.101911
0.095353
0.096215
0.095881
0.097776
0.101057
0.106981
0.096631
0.104037
0.096210
0.099983
0.097553
0.099963
0.096029
0.098670
0.102097
0.097162
0.099288
0.111706
0.095901
0.101218
0.095939
0.096338
0.097066
0.106059
0.099107
0.097203
0.100559
0.097119
0.098211
0.097254
0.097038
0.099110
0.096126
0.105194
0.098744
0.101899
0.098475
0.098736
0.106158
0.097206
0.093964
0.101628
0.109552
0.116286
0.095383
0.095123
0.098443
0.097972
0.097392
0.098317
0.098946
0.105419
0.098667
0.104713
0.103794
0.096161
0.100787
0.099450
0.098016
0.104035
0.109615
0.099337
0.103051
0.098960
0.102592
0.104833
0.100297
0.099827
0.098930
0.102204
0.109244
0.103222
0.096955
0.106600
0.099167
0.101981
0.105702
0.099241
0.099714
0.112321
0.110137
0.100575
0.096969
0.103640
0.097617
0.098082
0.098218
0.100779
0.113141
0.107295
0.094964
0.103463
0.097262
0.099154
0.099692
0.097503
0.105603
0.104167
0.102399
0.108309
0.098622
0.098649
0.095646
0.102447
0.095025
0.099592
0.095261
0.111393
0.098259
0.099622
0.105322
0.096441
0.107807
0.105131
0.096482
0.096484
0.106393
0.096293
0.095271
0.103769
0.098299
0.097075
0.095321
0.093995
0.095918
0.098061
0.102510
0.100485
0.101928
0.102199
0.099810
0.115771
0.097522
0.097011
0.096376
0.113044
0.095215
0.097872
0.103317
0.103076
0.097801
0.104016
0.096999
0.099665
0.102214
0.097993
0.111755
0.096792
0.100111
0.115719
0.102281
0.095618
0.095825
0.099572
0.110087
0.095858
0.099811
0.094311
0.093982
0.106147
0.094542
0.113131
0.098284
0.114819
0.096548
0.107326
0.097825
0.099258
0.111470
0.108495
0.097813
0.099028
0.105508
0.101421
0.100986
0.097767
0.101662
0.099891
0.097580
0.099844
0.102522
0.109490
0.108966
0.105978
0.096830
0.106812
0.096393
0.102229
0.099167
0.105827
0.107410
0.100922
0.106608
0.110822
0.096153
0.100691
0.110025
0.101440
0.103245
0.116037
0.102021
0.097422
0.107733
0.097029
0.112799
0.097964
0.097375
0.107876
0.106077
0.100881
0.097268
0.100272
0.098749
0.105213
0.097862
0.097962
0.104630
0.098929
0.101521
0.097187
0.095872
0.096629
0.095157
0.096419
0.096579
0.100498
0.091350
0.107828
0.102042
0.096947
0.102744
0.109584
0.099733
0.100776
0.104210
0.095432
0.113211
0.098720
0.099869
0.119490
0.096530
0.104408
0.099970
0.103096
0.100441
0.119395
0.103549
0.103868
0.099485
0.102247
0.097537
0.113571
0.100800
0.098450
0.107191
0.101815
0.097357
0.103322
0.100392
0.100617
0.100293
0.099880
0.102247
0.110374
0.105305
0.099655
0.103578
0.097235
0.100911
0.106490
0.098053
0.102575
0.098970
0.105528
0.095592
0.097816
0.097498
0.108483
0.096558
0.097463
0.100356
0.102241
0.108098
0.103003
0.099762
0.103935
0.100156
0.099763
0.106908
0.098743
0.104052
0.113479
0.103346
0.100562
0.096102
0.095554
0.098560
0.105269
0.100275
0.103025
0.103232
0.100785
0.093775
0.094392
0.101424
0.095565
0.098578
0.096194
0.094955
0.100730
0.104593
0.099069
0.107092
0.100091
0.099097
0.101156
0.099858
0.097086
0.096306
0.111370
0.106311
0.095453
0.097094
0.103408
0.098559
0.106205
0.099157
0.108179
0.098449
0.109100
0.103476
0.100990
0.097195
0.101860
0.095768
0.100271
0.093215
0.097395
0.115719
0.102588
0.100920
0.097261
0.103445
0.098785
0.101303
0.097360
0.097653
0.105883
0.107456
0.102788
0.094727
0.097940
0.097231
0.096666
0.095107
0.102768
0.099218
0.104089
0.104579
0.095565
0.095912
0.102314
0.095628
0.102392
0.096527
0.105393
0.115054
0.100950
0.102930
0.103214
0.094149
0.108704
0.093954
0.103289
0.097964
0.106326
0.096289
0.097966
0.101261
0.106115
0.096694
0.103230
0.092919
0.098204
0.101395
0.106144
0.099499
0.101569
0.098561
0.097064
0.102663
0.096656
0.098857
0.095937
0.113146
0.098121
0.097443
0.100203
0.095770
0.098436
0.096646
0.098770
0.099564
0.118261
0.097773
0.096919
0.097856
0.103704
0.098066
0.100515
0.106296
0.097478
0.106074
0.108856
0.100361
0.101211
0.096446
0.098881
0.098099
0.096103
0.095495
0.103968
0.102611
0.096168
0.099473
0.097415
0.111622
0.096682
0.096035
0.097430
0.098842
0.104120
0.096470
0.099725
0.096498
0.100335
0.107674
0.097055
0.100308
0.098701
0.099452
0.112724
0.095678
0.106680
0.105578
0.097504
0.095093
0.100989
0.096413
0.104605
0.108078
0.106161
0.092097
0.102749
0.097082
0.099052
0.105151
0.100092
0.097444
0.103831
0.095879
0.107310
0.101361
0.100421
0.092758
0.105915
0.114554
0.115493
0.110133
0.114995
0.096832
0.105250
0.097728
0.107194
0.095250
0.095964
0.103441
0.108429
0.097082
0.106458
0.098316
0.100143
0.104717
0.099655
0.095445
0.096236
0.116205
0.098654
0.095637
0.100453
0.096546
0.096670
0.098468
0.096352
0.098874
0.099058
0.104024
0.097981
0.096616
0.101883
0.102878
0.098636
0.104109
0.102758
0.099948
0.103612
0.096713
0.098649
0.096058
0.101231
0.097150
0.099478
0.096475
0.095778
0.099502
0.118302
0.096289
0.100829
0.096554
0.100607
0.096351
0.098389
0.109818
0.100633
0.106523
0.100390
0.098434
0.101310
0.099110
0.099196
0.101521
0.106396
0.095551
0.117078
0.099549
0.101150
0.102183
0.103844
0.101854
0.105814
0.099782
0.099777
0.104372
0.099477
0.100083
0.099767
0.103832
0.100895
0.096596
0.095990
0.091525
0.096829
0.103149
0.101552
0.098898
0.095054
0.094120
0.097977
0.095754
0.105191
0.095990
0.104146
0.101338
0.099576
0.096729
0.099431
0.097150
0.098767
0.100896
0.098192
0.106657
0.110819
0.100246
0.101044
0.100340
0.097034
0.099458
0.101073
0.099999
0.099091
0.117309
0.097897
0.101715
0.100859
0.098852
0.100039
0.103629
0.098889
0.096119
0.112035
0.099275
0.095220
0.104313
0.097080
0.097779
0.101624
0.095591
0.106205
0.107801
0.105149
0.097852
0.093777
0.095219
0.097888
0.099938
0.099082
0.099439
0.093154
0.103327
0.101634
0.107353
0.095260
0.098766
0.096783
0.096643
0.102438
0.100048
0.100540
0.109650
0.104629
0.096479
0.096081
0.095681
0.093980
0.097123
0.101864
0.098017
0.108711
0.096509
0.102184
0.102478
0.098819
0.100984
0.105458
0.098779
0.103331
0.102344
0.100546
0.097559
0.106971
0.095508
0.104337
0.099161
0.101823
0.101013
0.098734
0.101469
0.107880
0.102203
0.094294
0.098812
0.099918
0.094807
0.097538
0.104351
0.110194
0.101291
0.102585
0.100459
0.098077
0.103304
0.101973
0.103365
0.102911
0.112125
0.105127
0.105078
0.109106
0.094946
0.100644
0.095404
0.104232
0.101454
0.104418
0.107308
0.103745
0.100229
0.097461
0.096214
0.097315
0.094830
0.098500
0.098455
0.111603
0.097001
0.101769
0.109949
0.105964
0.098014
0.099710
0.098121
0.098752
0.124088
0.101172
0.097423
0.100621
0.097509
0.100253
0.106807
0.105621
0.097568
0.119214
0.097400
0.096052
0.098507
0.095715
0.103833
0.106344
0.100488
0.097985
0.121475
0.105613
0.109261
0.099506
0.105874
0.104264
0.097986
0.104501
0.098173
0.113043
0.098502
0.096909
0.101429
0.100483
0.097019
0.099746
0.103192
0.098880
0.097247
0.110782
0.100640
0.101521
0.096572
0.101150
0.113796
0.096656
0.096701
0.098572
0.108976
0.098699
0.097794
0.098194
0.097174
0.098216
0.098206
0.109637
0.097495
0.111718
0.096025
0.110488
0.095157
0.096261
0.097079
0.098151
0.094454
0.106606
0.099350
0.103154
0.096682
0.095384
0.097749
0.099742
0.096279
0.101304
0.106464
0.110944
0.111896
0.100461
0.101130
0.099028
0.098572
0.098050
0.107518
0.098816
0.098709
0.101959
0.097339
0.098341
0.096617
0.102595
0.097164
0.097634
0.097744
0.099535
0.099121
0.106388
0.097945
