0.055401
0.063389
0.059107
0.074174
0.061230
0.064853
0.056974
0.057252
0.055247
0.056390
0.053665
0.057740
0.053977
0.055861
0.054001
0.060490
0.054332
0.068526
0.055012
0.055894
0.056204
0.054542
0.055123
0.054680
0.053356
0.057746
0.053670
0.056819
0.055757
0.061476
0.056749
0.057140
0.056197
0.060439
0.066761
0.063070
0.060697
0.064693
0.056221
0.055386
0.062443
0.062336
0.056187
0.060612
0.057732
0.058595
0.065331
0.070188
0.059000
0.061045
0.059011
0.067029
0.066063
0.063632
0.061292
0.059206
0.064790
0.069130
0.057751
0.057400
0.057133
0.063779
0.084320
0.068548
0.068611
0.061665
0.057374
0.058076
0.059168
0.061494
0.060129
0.060093
0.063209
0.061685
0.060667
0.056848
0.055350
0.059409
0.061171
0.058633
0.058001
0.056585
0.055816
0.057352
0.055772
0.075409
0.057930
0.059435
0.055509
0.057075
0.055110
0.058259
0.062670
0.058780
0.062803
0.058696
0.060980
0.059586
0.059479
0.059685
0.058132
0.058683
0.056540
0.058011
0.058130
0.063043
0.059324
0.057893
0.075352
0.057577
0.057692
0.058073
0.056362
0.057222
0.058513
0.057683
0.057382
0.064077
0.058496
0.062011
0.060024
0.058474
0.056516
0.059003
0.057181
0.056397
0.055305
0.057072
0.054450
0.058983
0.055371
0.064448
0.055418
0.057115
0.055419
0.056584
0.055300
0.058802
0.056390
0.058365
0.054816
0.056839
0.058042
0.060493
0.059155
0.056905
0.055023
0.059100
0.055675
0.061681
0.055167
0.056384
0.059693
0.056690
0.057629
0.062701
0.056385
0.057222
0.057003
0.057714
0.055997
0.057707
0.058843
0.057213
0.057779
0.058618
0.060147
0.062740
0.056484
0.057605
0.057078
0.058617
0.058950
0.057567
0.056271
0.058326
0.057520
0.057611
0.060764
0.062180
0.057116
0.059921
0.056095
0.056657
0.055936
0.060024
0.058018
0.062823
0.056398
0.057052
0.062217
0.057813
0.057642
0.060729
0.058788
0.057912
0.058241
0.058634
0.056884
0.057591
0.059079
0.060128
0.061749
0.058722
0.059464
0.057300
0.056665
0.058336
0.055004
0.058427
0.055821
0.057629
0.056371
0.061371
0.061351
0.056668
0.057531
0.057526
0.055572
0.059473
0.055938
0.058537
0.058160
0.058798
0.058973
0.067132
0.055900
0.057647
0.059620
0.057358
0.059576
0.060005
0.057440
0.058412
0.066438
0.057254
0.059425
0.060121
0.056483
0.057210
0.055474
0.059634
0.056644
0.057599
0.061678
0.061450
0.056481
0.057737
0.062078
0.058561
0.056414
0.060095
0.057893
0.058053
0.056274
0.058888
0.058255
0.058610
0.055953
0.057287
0.061808
0.056647
0.055597
0.056632
0.055691
0.056804
0.056320
0.056069
0.060268
0.059561
0.055556
0.061240
0.060311
0.061376
0.061214
0.058785
0.057453
0.056527
0.058795
0.057540
0.059187
0.056549
0.059241
0.059733
0.057566
0.060182
0.060413
0.060259
0.056472
0.058083
0.055271
0.058938
0.061064
0.057937
0.057600
0.064162
0.056132
0.057239
0.056342
0.057590
0.056950
0.057706
0.058303
0.057113
0.057982
0.057803
0.059720
0.060482
0.056502
0.056746
0.055119
0.057078
0.055652
0.058659
0.055503
0.057031
0.055290
0.056508
0.056768
0.060551
0.057009
0.060617
0.059059
0.056473
0.055200
0.058264
0.064797
0.057524
0.056908
0.057841
0.063293
0.061367
0.059807
0.059395
0.056842
0.058026
0.056520
0.058038
0.057455
0.063867
0.056515
0.060222
0.062711
0.057546
0.057673
0.058794
0.057142
0.061622
0.062805
0.057542
0.057681
0.062044
0.057946
0.063012
0.059634
0.057810
0.063510
0.056447
0.055274
0.056342
0.058455
0.056766
0.061301
0.056155
0.055127
0.062505
0.054824
0.057008
0.054287
0.056803
0.055390
0.055945
0.054938
0.056433
0.059957
0.058440
0.059600
0.064058
0.057816
0.059231
0.057769
0.059616
0.057221
0.060758
0.058567
0.058934
0.058918
0.058891
0.064263
0.061654
0.058761
0.057023
0.055630
0.056643
0.055879
0.057374
0.055907
0.056753
0.057612
0.057559
0.059025
0.058549
0.056760
0.056890
0.055584
0.056633
0.060674
0.056672
0.059558
0.058012
0.057002
0.057333
0.062292
0.057180
0.057159
0.059188
0.056333
0.059854
0.056220
0.060027
0.057316
0.059936
0.056788
0.059214
0.059848
0.058103
0.068137
0.061379
0.058705
0.057857
0.060714
0.060344
0.064487
0.080193
0.083945
0.061816
0.058012
0.058251
0.058806
0.056673
0.058079
0.057825
0.057285
0.057816
0.059832
0.064412
0.072487
0.066775
0.057543
0.063443
0.056910
0.059142
0.056515
0.058243
0.055970
0.059002
0.056593
0.064202
0.056140
0.058073
0.056018
0.058047
0.056467
0.057835
0.061198
0.061655
0.059915
0.057784
0.060233
0.063243
0.061280
0.058120
0.055104
0.057228
0.055923
0.061031
0.056123
0.060751
0.057697
0.056421
0.062333
0.059918
0.055145
0.057085
0.055707
0.057598
0.057626
0.058177
0.056142
0.058918
0.058642
0.060519
0.064478
0.059219
0.058794
0.059638
0.057955
0.059366
0.057678
0.058951
0.057776
0.061376
0.056757
0.063820
0.061880
0.058576
0.056506
0.058412
0.057052
0.056871
0.059288
0.056942
0.057230
0.059132
0.057041
0.061947
0.056424
0.058679
0.057457
0.059887
0.057615
0.061434
0.059250
0.058548
0.057609
0.066878
0.072958
0.062381
0.058472
0.060636
0.057157
0.058829
0.058156
0.058581
0.057398
0.058006
0.057947
0.061942
0.073821
0.057093
0.056501
0.057186
0.061470
0.057458
0.061319
0.058764
0.055826
0.060380
0.055716
0.062509
0.061531
0.058053
0.056321
0.057327
0.056492
0.056678
0.055779
0.056302
0.055290
0.058129
0.055907
0.068800
0.058458
0.057545
0.055651
0.057586
0.055852
0.059011
0.057881
0.057219
0.055913
0.057254
0.055742
0.061714
0.055590
0.058175
0.055069
0.058787
0.058098
0.058592
0.055549
0.057658
0.055312
0.055688
0.056841
0.061496
0.055647
0.056412
0.058473
0.059205
0.058695
0.057277
0.055164
0.059379
0.055800
0.057896
0.057862
0.061417
0.063378
0.056911
0.061699
0.056404
0.057076
0.056796
0.058159
0.061301
0.055676
0.057464
0.060219
0.060141
0.058345
0.058700
0.058400
0.056460
0.056037
0.056815
0.057003
0.063075
0.055902
0.056787
0.060139
0.056148
0.064433
0.055052
0.055577
0.056782
0.059392
0.058124
0.055395
0.057443
0.054184
0.057750
0.060186
0.056298
0.060806
0.055911
0.056912
0.056207
0.056723
0.058178
0.057345
0.056949
0.056311
0.062224
0.059347
0.058825
0.057971
0.060137
0.056181
0.059088
0.056095
0.057965
0.057707
0.060440
0.058424
0.065004
0.056342
0.057641
0.057703
0.059044
0.055419
0.056732
0.056518
0.057685
0.056237
0.055878
0.055763
0.074706
0.055944
0.056857
0.055891
0.058319
0.055722
0.057719
0.054839
0.058233
0.056992
0.059064
0.056460
0.061966
0.055262
0.057273
0.057387
0.055783
0.061848
0.058300
0.056566
0.056718
0.056536
0.060554
0.066244
0.064349
0.058700
0.060433
0.060008
0.058106
0.058316
0.059057
0.056837
0.058600
0.056758
0.062030
0.062874
0.057419
0.059605
0.058028
0.057972
0.058699
0.055948
0.057398
0.055837
0.056830
0.056157
0.058215
0.060632
0.057264
0.054674
0.056888
0.059450
0.056261
0.056611
0.057111
0.056070
0.055322
0.056893
0.058133
0.061045
0.057780
0.056688
0.057243
0.058030
0.057560
0.056413
0.061331
0.059353
0.057048
0.061543
0.062075
0.056948
0.061773
0.058051
0.056944
0.055831
0.055133
0.058655
0.056013
0.059270
0.056912
0.057632
0.065958
0.059818
0.057723
0.054896
0.056921
0.056118
0.056992
0.057152
0.058382
0.056571
0.062663
0.058773
0.063579
0.062913
0.057319
0.062237
0.058708
0.063160
0.059370
0.057362
0.059611
0.056511
0.058388
0.062089
0.057339
0.057588
0.059633
0.060950
0.057311
0.057795
0.057467
0.056364
0.057449
0.059225
0.062020
0.064276
0.057278
0.056498
0.058202
0.056518
0.057764
0.056670
0.059524
0.058889
0.058957
0.056814
0.063017
0.060520
0.060349
0.059728
0.058109
0.058184
0.058090
0.056725
0.058876
0.059155
0.056770
0.056862
0.063201
0.055524
0.059312
0.059696
0.056998
0.056109
0.060900
0.063584
0.058869
0.055493
0.059281
0.058959
0.061339
0.056762
0.057037
0.057003
0.059258
0.058581
0.061140
0.061260
0.063176
0.056660
0.060520
0.068469
0.059919
0.056652
0.057796
0.058532
0.059924
0.061987
0.058299
0.061735
0.060145
0.056575
0.061582
0.061860
0.057073
0.057634
0.057830
0.056339
0.057768
0.056466
0.056913
0.055976
0.060181
0.058828
0.069512
0.058038
0.057077
0.056747
0.060425
0.057474
0.057476
0.062982
0.057977
0.060254
0.057860
0.058347
0.060621
0.057651
0.057782
0.057633
0.059933
0.057483
0.058992
0.058033
0.057763
0.056940
0.059549
0.075378
0.056859
0.056058
0.057789
0.057510
0.058341
0.058275
0.057283
0.059100
0.057047
0.058416
0.061548
0.064784
0.058766
0.058439
0.060407
0.058201
0.058341
0.058305
0.059406
0.059685
0.058530
0.058413
0.065439
0.057878
0.057943
0.056974
0.058332
0.056510
0.060313
0.057707
0.059478
0.056538
0.056941
0.061284
0.062971
0.056118
0.059378
0.066011
0.062008
0.064333
0.060847
0.061285
0.057929
0.057194
0.058351
0.063520
0.058305
0.057101
0.058074
0.056817
0.058104
0.060128
0.058265
0.056514
0.057989
0.057132
0.059481
0.062560
0.059654
0.058255
0.056326
0.055346
0.056022
0.059117
0.055508
0.060778
0.055626
0.055188
0.059166
0.057958
0.058775
0.055026
0.061458
0.054658
0.056218
0.054302
0.058328
0.056327
0.058486
0.055533
0.061848
0.065685
0.058964
0.055809
0.061627
0.057057
0.059047
0.056341
0.057164
0.056059
0.058846
0.056549
0.064311
0.056074
0.060018
0.057308
0.057523
0.054012
0.058698
0.057648
0.054390
0.060905
0.059415
0.056759
0.066117
0.054210
0.059431
0.055516
0.061107
0.053654
0.055659
0.054722
0.057039
0.058867
0.056238
0.065669
0.060226
0.061349
0.056077
0.064738
0.056075
0.058137
0.056469
