0.032946
0.029217
0.030476
0.033421
0.028783
0.027928
0.034611
0.031639
0.029920
0.028233
0.032051
0.028674
0.028711
0.029097
0.037675
0.028291
0.029852
0.027462
0.032620
0.030847
0.027392
0.027892
0.029229
0.027751
0.027398
0.030336
0.029441
0.030002
0.028071
0.028170
0.029518
0.027515
0.030496
0.030161
0.033686
0.028249
0.031743
0.032027
0.028768
0.028070
0.027619
0.028252
0.031255
0.028423
0.029139
0.027732
0.034321
0.027847
0.029437
0.027562
0.029977
0.027948
0.028020
0.029714
0.029036
0.029377
0.028836
0.029223
0.029859
0.030730
0.030591
0.030999
0.029480
0.028984
0.030091
0.027602
0.029649
0.028540
0.028513
0.029132
0.030885
0.027942
0.028200
0.027445
0.029715
0.027715
0.027854
0.027748
0.028847
0.027363
0.029717
0.028528
0.033691
0.030066
0.027666
0.027761
0.029296
0.028460
0.027964
0.027854
0.028694
0.028168
0.027686
0.027869
0.027758
0.026793
0.027386
0.026979
0.028707
0.026363
0.027270
0.029518
0.027279
0.027145
0.027030
0.029076
0.033920
0.026304
0.027888
0.026655
0.029077
0.026651
0.026739
0.028205
0.028154
0.027272
0.027452
0.026931
0.027492
0.027665
0.027623
0.026076
0.032057
0.026348
0.026524
0.026992
0.028146
0.027135
0.026570
0.033306
0.032903
0.028836
0.025890
0.031439
0.030867
0.027475
0.025928
0.026380
0.028265
0.027608
0.028874
0.028924
0.028224
0.028917
0.029245
0.027120
0.027439
0.026795
0.027715
0.028234
0.027639
0.027617
0.027697
0.030840
0.032505
0.026266
0.029183
0.026847
0.027465
0.026632
0.029385
0.028247
0.032099
0.029391
0.028306
0.027596
0.029050
0.028781
0.029031
0.028715
0.029348
0.027950
0.031430
0.028195
0.030976
0.031497
0.032490
0.028391
0.030857
0.029867
0.027915
0.030597
0.030685
0.031682
0.028155
0.028437
0.029657
0.028586
0.032707
0.028377
0.029606
0.028732
0.028050
0.028282
0.028204
0.029776
0.028216
0.028154
0.034731
0.029259
0.028195
0.028180
0.034290
0.028490
0.028619
0.028265
0.029161
0.028283
0.028079
0.029866
0.028123
0.029195
0.027724
0.032128
0.028565
0.028114
0.027621
0.027659
0.033668
0.031957
0.029252
0.038043
0.028773
0.029456
0.027878
0.028980
0.028690
0.027456
0.026946
0.030582
0.027067
0.028364
0.027306
0.028987
0.027492
0.028459
0.028500
0.029715
0.028247
0.033818
0.031385
0.034089
0.029089
0.030863
0.030364
0.029393
0.028186
0.027698
0.028185
0.029035
0.027848
0.027909
0.027982
0.029025
0.027204
0.028255
0.027214
0.032751
0.028023
0.027754
0.027628
0.029037
0.027749
0.027471
0.029273
0.027764
0.034344
0.029732
0.028234
0.032194
0.028300
0.027897
0.027461
0.029791
0.029970
0.028311
0.027677
0.029094
0.028573
0.029615
0.029425
0.031471
0.027574
0.032267
0.028571
0.029373
0.027405
0.029219
0.028968
0.034045
0.029097
0.028086
0.027477
0.028782
0.027954
0.028001
0.027915
0.029999
0.027446
0.028298
0.028039
0.028865
0.028085
0.027812
0.029548
0.030341
0.027393
0.027555
0.027526
0.033018
0.031084
0.029914
0.031454
0.030326
0.029478
0.028034
0.027661
0.029076
0.027966
0.027956
0.030085
0.030367
0.027985
0.029283
0.032633
0.028544
0.028659
0.028586
0.028124
0.029234
0.028605
0.028368
0.028589
0.029816
0.031636
0.032701
0.028021
0.032526
0.027610
0.031518
0.030892
0.030113
0.029433
0.027765
0.028337
0.033359
0.030395
0.028811
0.029251
0.029879
0.028333
0.028588
0.027965
0.032125
0.028776
0.028969
0.028654
0.031081
0.030241
0.027488
0.028082
0.030931
0.027682
0.027478
0.027451
0.028076
0.027557
0.027859
0.029992
0.028646
0.027208
0.028854
0.028270
0.029123
0.028693
0.030612
0.027721
0.031281
0.029124
0.028531
0.046202
0.028202
0.027492
0.027747
0.027866
0.028876
0.028017
0.030299
0.032485
0.029625
0.029595
0.028702
0.035171
0.030102
0.029901
0.029479
0.030734
0.029882
0.029728
0.029226
0.033714
0.031416
0.033432
0.030350
0.034969
0.030736
0.029416
0.031376
0.029855
0.029190
0.029545
0.030630
0.029529
0.029531
0.029712
0.030640
0.029251
0.029319
0.028196
0.029288
0.028508
0.029153
0.030346
0.031078
0.033814
0.031212
0.030540
0.034697
0.028508
0.028481
0.029245
0.028448
0.028057
0.029639
0.029158
0.028439
0.028149
0.027375
0.033246
0.030374
0.030374
0.027670
0.031579
0.028709
0.029558
0.028743
0.033957
0.032502
0.026983
0.028446
0.031007
0.029217
0.030087
0.028489
0.029414
0.029707
0.029820
0.028372
0.031819
0.031970
0.032760
0.028007
0.033664
0.029758
0.029102
0.028938
0.032258
0.029353
0.034096
0.028408
0.030211
0.029619
0.031217
0.030630
0.030762
0.028180
0.028981
0.028309
0.033772
0.028442
0.028911
0.028828
0.029206
0.029499
0.027898
0.028809
0.029507
0.028908
0.028398
0.028544
0.039084
0.031841
0.028636
0.028168
0.033328
0.028983
0.029821
0.028560
0.028885
0.028305
0.031482
0.028298
0.033193
0.028166
0.027822
0.028230
0.029990
0.028747
0.029033
0.028272
0.029035
0.028352
0.037011
0.029500
0.038157
0.028662
0.028176
0.030070
0.027565
0.027257
0.029627
0.031502
0.029439
0.027683
0.027386
0.033874
0.031411
0.031824
0.028527
0.027763
0.027559
0.027668
0.027884
0.028747
0.028503
0.030841
0.029567
0.033901
0.029773
0.027779
0.028631
0.028590
0.029630
0.028837
0.029022
0.030373
0.029330
0.029289
0.031743
0.028984
0.028169
0.028387
0.027869
0.029487
0.027347
0.029455
0.027625
0.031610
0.032398
0.032023
0.027046
0.034956
0.029063
0.029772
0.028841
0.029332
0.027734
0.028792
0.026824
0.032943
0.030789
0.027943
0.029133
0.029928
0.028943
0.027819
0.028008
0.029595
0.028517
0.028546
0.032642
0.032662
0.027822
0.028385
0.029723
0.029091
0.029218
0.028210
0.027845
0.029824
0.028432
0.028313
0.028787
0.031383
0.028130
0.027928
0.028722
0.029166
0.028608
0.028124
0.027944
0.029848
0.029191
0.033603
0.029963
0.028729
0.028910
0.027421
0.029269
0.029300
0.029741
0.028908
0.028104
0.032281
0.027261
0.028861
0.027864
0.028938
0.029789
0.029699
0.028706
0.029222
0.028429
0.029056
0.029796
0.030690
0.038809
0.028358
0.027808
0.028200
0.031126
0.029469
0.030763
0.028616
0.030281
0.030267
0.031003
0.027951
0.032553
0.029419
0.029478
0.029337
0.027763
0.029754
0.032770
0.027856
0.029998
0.032356
0.033726
0.029300
0.029641
0.030841
0.029231
0.030232
0.030840
0.028344
0.032058
0.031887
0.030178
0.028205
0.029632
0.030548
0.031253
0.027831
0.029372
0.029162
0.032790
0.029140
0.033600
0.030511
0.032083
0.030757
0.030057
0.028890
0.028184
0.028166
0.032320
0.028845
0.028829
0.028978
0.029278
0.027203
0.029076
0.029517
0.030561
0.028110
0.028834
0.029171
0.035299
0.029305
0.030355
0.032637
0.034436
0.029432
0.028434
0.030857
0.034171
0.027864
0.028475
0.029070
0.031685
0.029007
0.028287
0.027967
0.030056
0.027831
0.029037
0.028418
0.028806
0.028695
0.028411
0.028115
0.032372
0.029879
0.033436
0.030159
0.030988
0.030965
0.029446
0.029124
0.028964
0.028415
0.029957
0.030300
0.032891
0.027880
0.029423
0.027999
0.029517
0.028370
0.028558
0.028590
0.035189
0.029165
0.028337
0.028484
0.031605
0.033235
0.032225
0.028115
0.035669
0.031015
0.029863
0.028925
0.032372
0.031080
0.031110
0.030996
0.032828
0.029711
0.028880
0.029051
0.029761
0.028178
0.033022
0.028568
0.030196
0.046022
0.038378
0.030985
0.028780
0.029506
0.029899
0.029209
0.031397
0.029663
0.028563
0.030855
0.030484
0.027655
0.031175
0.028628
0.028249
0.028338
0.030343
0.029072
0.028505
0.028183
0.028294
0.029701
0.032754
0.029644
0.030228
0.030494
0.027933
0.027980
0.028675
0.028887
0.028300
0.028322
0.028785
0.028761
0.028777
0.027772
0.030722
0.029375
0.028952
0.028034
0.028272
0.028878
0.029081
0.028917
0.032486
0.035337
0.029249
0.030191
0.029450
0.033828
0.029016
0.028770
0.028866
0.030173
0.029117
0.029673
0.030279
0.031824
0.029278
0.030304
0.029227
0.030590
0.028672
0.030148
0.028574
0.033535
0.029546
0.033445
0.033650
0.029036
0.029837
0.029399
0.034088
0.030927
0.028311
0.028787
0.031626
0.028795
0.029257
0.029071
0.033481
0.027665
0.030069
0.029098
0.029934
0.028795
0.030258
0.030731
0.030807
0.033049
0.029887
0.031679
0.029370
0.028937
0.033261
0.029757
0.028526
0.029667
0.029287
0.034422
0.028967
0.028290
0.029401
0.029146
0.028502
0.028681
0.029430
0.029519
0.027763
0.033528
0.028664
0.033597
0.027706
0.029187
0.028716
0.031561
0.031446
0.028079
0.028144
0.029709
0.030274
0.028380
0.028121
0.030216
0.027999
0.028739
0.028888
0.033698
0.028794
0.028142
0.028434
0.032202
0.030040
0.029516
0.034921
0.029956
0.029200
0.028300
0.029090
0.027784
0.030191
0.029653
0.029727
0.028662
0.031769
0.028463
0.028731
0.028700
0.031263
0.027994
0.029362
0.027548
0.028184
0.028014
0.031926
0.034382
0.031474
0.028468
0.030474
0.030174
0.027529
0.028929
0.029459
0.028553
0.028407
0.028903
0.028486
0.030778
0.028510
0.028639
0.029483
0.028263
0.027835
0.029378
0.029465
0.028983
0.027800
0.028071
0.032651
0.031238
0.030374
0.029565
0.029263
0.028235
0.028472
0.027977
0.035143
0.027966
0.030019
0.027992
0.029611
0.028342
0.028563
0.028011
0.033893
0.027652
0.028723
0.028179
0.029964
0.028794
0.029242
0.032959
0.036258
0.027755
0.029852
0.030543
0.030305
0.027727
0.029262
0.027685
0.029103
0.027918
0.028281
0.032520
0.028982
0.028106
0.028387
0.029476
0.029214
0.028807
0.031025
0.027838
0.029771
0.031858
0.032618
0.029355
0.032460
0.028646
0.029941
0.029327
0.029758
0.028920
0.028843
0.028041
0.028241
0.027662
0.027311
0.028547
0.029182
0.027499
0.028180
0.029001
