0.102195
0.120205
0.109806
0.101994
0.102034
0.106856
0.105127
0.098451
0.102672
0.109617
0.107058
0.104775
0.102802
0.102288
0.098501
0.099329
0.102310
0.100318
0.100758
0.098376
0.102259
0.105624
0.106595
0.106264
0.106504
0.096846
0.100334
0.100780
0.106822
0.114332
0.102044
0.100325
0.103201
0.102604
0.105470
0.102114
0.102505
0.103824
0.108322
0.107409
0.106011
0.101142
0.107620
0.105231
0.102940
0.101787
0.104715
0.103624
0.110102
0.113174
0.104173
0.108546
0.101185
0.100376
0.110438
0.105022
0.112512
0.109916
0.103943
0.107766
0.103098
0.098799
0.098619
0.104040
0.106445
0.107738
0.109061
0.111209
0.113052
0.111984
0.114407
0.100435
0.103898
0.104454
0.106840
0.108832
0.101878
0.103859
0.102826
0.101958
0.105079
0.100174
0.099151
0.100320
0.103986
0.108251
0.106020
0.103934
0.101738
0.109237
0.104509
0.101667
0.102390
0.099565
0.101526
0.101069
0.099149
0.102637
0.103530
0.108492
0.108023
0.106728
0.107246
0.118606
0.099889
0.102008
0.105851
0.102319
0.097886
0.101817
0.104018
0.103644
0.108334
0.099633
0.106839
0.104837
0.099045
0.101523
0.103846
0.108087
0.105428
0.105564
0.101590
0.100844
0.104127
0.102889
0.106310
0.102843
0.099920
0.101442
0.121293
0.103708
0.102585
0.104663
0.103099
0.101978
0.107538
0.103529
0.107055
0.102293
0.106270
0.109543
0.112525
0.102648
0.111166
0.115241
0.103737
0.110478
0.104766
0.113112
0.105843
0.101050
0.105277
0.101953
0.102933
0.098723
0.103723
0.104689
0.100055
0.105847
0.098938
0.101414
0.106773
0.108237
0.105462
0.102928
0.103369
0.105334
0.110705
0.103377
0.105320
0.109044
0.101316
0.105947
0.103096
0.098909
0.097949
0.108130
0.110397
0.098525
0.103289
0.101872
0.103189
0.105871
0.102102
0.105990
0.105934
0.110498
0.117803
0.104314
0.103282
0.102707
0.113782
0.104093
0.099647
0.104470
0.116746
0.100991
0.109653
0.103308
0.102956
0.104859
0.110110
0.104873
0.108097
0.103765
0.100838
0.102483
0.102791
0.102768
0.106419
0.101072
0.108024
0.109695
0.102545
0.104965
0.106507
0.104982
0.106415
0.101444
0.102963
0.106349
0.105451
0.116001
0.104520
0.104022
0.105494
0.103434
0.103722
0.107356
0.103498
0.103108
0.105043
0.103562
0.102912
0.103592
0.105198
0.112156
0.105561
0.105814
0.111083
0.100848
0.104229
0.101090
0.107959
0.106662
0.103523
0.105219
0.109780
0.099283
0.107619
0.112247
0.109752
0.105414
0.105368
0.103692
0.105794
0.108103
0.102990
0.102904
0.107135
0.106223
0.106122
0.105818
0.110405
0.110349
0.100852
0.104401
0.109644
0.112150
0.099520
0.099777
0.101095
0.103367
0.103022
0.102111
0.105213
0.101545
0.107039
0.098506
0.105902
0.104198
0.106827
0.110507
0.105513
0.105287
0.105520
0.107423
0.107220
0.111939
0.107786
0.103233
0.104601
0.103331
0.104808
0.104494
0.101871
0.112014
0.104467
0.102913
0.104241
0.104375
0.100595
0.107015
0.106546
0.110851
0.106453
0.110460
0.105452
0.116152
0.102048
0.100428
0.101965
0.104408
0.105622
0.113093
0.105471
0.101917
0.103439
0.107529
0.110127
0.105819
0.105909
0.103800
0.102720
0.104259
0.101090
0.102945
0.104465
0.104194
0.106404
0.104901
0.099619
0.105411
0.106140
0.105139
0.105903
0.100900
0.103069
0.100586
0.101631
0.106843
0.105491
0.109468
0.105125
0.104804
0.100697
0.111125
0.103624
0.103573
0.111946
0.111782
0.108093
0.106713
0.104781
0.107190
0.103399
0.098955
0.105779
0.102674
0.103799
0.107111
0.102585
0.105191
0.106472
0.105560
0.104607
0.110045
0.103023
0.101956
0.104683
0.105993
0.106101
0.106388
0.102953
0.099696
0.105271
0.099696
0.102433
0.103370
0.102112
0.104427
0.109227
0.101445
0.101697
0.103304
0.104617
0.103298
0.100373
0.111595
0.104525
0.104361
0.110545
0.109017
0.115041
0.103280
0.107868
0.107438
0.101366
0.104393
0.100074
0.103281
0.107688
0.103480
0.105009
0.103885
0.102687
0.103029
0.105504
0.105558
0.104363
0.105437
0.103768
0.109144
0.099598
0.101313
0.102815
0.107450
0.102859
0.103049
0.106527
0.106265
0.105712
0.104449
0.103061
0.103903
0.114688
0.108989
0.108461
0.102888
0.102090
0.104268
0.103387
0.106200
0.101613
0.102368
0.105837
0.102988
0.104677
0.103549
0.111517
0.102164
0.104074
0.101049
0.104405
0.103716
0.103836
0.101314
0.102140
0.105071
0.106274
0.106581
0.105140
0.101076
0.105361
0.104771
0.104723
0.103780
0.099630
0.101413
0.102479
0.101852
0.110451
0.104194
0.097764
0.111555
0.108875
0.110762
0.103409
0.105953
0.103924
0.105467
0.105520
0.110922
0.110414
0.107922
0.099880
0.105742
0.102920
0.107094
0.102638
0.100878
0.100423
0.103996
0.105854
0.102249
0.103734
0.111757
0.106187
0.104498
0.109656
0.104165
0.104950
0.104719
0.104404
0.110793
0.101754
0.103580
0.103154
0.104595
0.105853
0.104024
0.110031
0.105130
0.101745
0.100163
0.104445
0.103516
0.104663
0.106046
0.108352
0.101027
0.102620
0.102587
0.104331
0.105474
0.102129
0.104994
0.104877
0.101211
0.108449
0.111183
0.103890
0.108317
0.102030
0.105004
0.102854
0.103905
0.103763
0.108264
0.100999
0.100753
0.104586
0.106613
0.103376
0.105772
0.104155
0.101175
0.101998
0.104592
0.104537
0.103559
0.101787
0.100713
0.101267
0.111690
0.111817
0.107099
0.107731
0.105400
0.102539
0.102818
0.103429
0.102777
0.100708
0.104263
0.105546
0.115676
0.104092
0.101611
0.104470
0.103172
0.102233
0.104187
0.101680
0.106876
0.103837
0.106842
0.104814
0.106686
0.129547
0.102225
0.109222
0.109509
0.105877
0.106818
0.100290
0.103381
0.106644
0.106343
0.106520
0.104101
0.111106
0.102057
0.113694
0.104028
0.101850
0.103511
0.107383
0.106254
0.102764
0.103248
0.100661
0.103197
0.107948
0.107318
0.107347
0.105747
0.104356
0.101639
0.101053
0.105357
0.108503
0.107713
0.105020
0.105841
0.107366
0.105690
0.111200
0.106759
0.108488
0.102728
0.102582
0.103499
0.101489
0.105145
0.104182
0.111979
0.102349
0.104461
0.103795
0.102687
0.104621
0.100949
0.101062
0.111093
0.105349
0.103982
0.102382
0.106367
0.106476
0.100315
0.102316
0.108576
0.103033
0.112820
0.119359
0.112990
0.102764
0.114257
0.111240
0.104958
0.108164
0.101405
0.106589
0.102537
0.101922
0.109974
0.108726
0.101284
0.103993
0.101983
0.104368
0.104383
0.112416
0.112360
0.104715
0.105640
0.107613
0.103520
0.104607
0.099939
0.103397
0.103071
0.104210
0.107920
0.104035
0.112910
0.111555
0.099440
0.103136
0.102606
0.104234
0.100419
0.101244
0.100923
0.106988
0.113048
0.105962
0.104494
0.103429
0.107184
0.101350
0.104434
0.102090
0.111416
0.104738
0.107287
0.110047
0.104778
0.099885
0.104096
0.105347
0.102919
0.110456
0.104087
0.102454
0.107485
0.102724
0.102175
0.100631
0.103402
0.104366
0.107702
0.106360
0.103113
0.104185
0.099348
0.104383
0.099582
0.102378
0.107143
0.107144
0.122762
0.105293
0.100453
0.101394
0.103994
0.108799
0.101360
0.101696
0.104736
0.109744
0.106244
0.104476
0.103773
0.105136
0.100452
0.100822
0.103751
0.106219
0.105226
0.102354
0.104143
0.102647
0.099911
0.106707
0.106815
0.105157
0.104520
0.112096
0.109628
0.107778
0.099910
0.098580
0.105412
0.107964
0.105805
0.106964
0.102407
0.111299
0.103099
0.109700
0.110704
0.103456
0.107006
0.103679
0.103537
0.102196
0.104648
0.101781
0.102505
0.109247
0.105320
0.110083
0.103188
0.109974
0.102163
0.113330
0.107931
0.102963
0.105289
0.103570
0.099057
0.113445
0.108540
0.103381
0.108012
0.115604
0.106865
0.107697
0.104893
0.109065
0.107874
0.113701
0.104464
0.103974
0.103533
0.103773
0.103498
0.105398
0.102170
0.101928
0.100808
0.105276
0.100011
0.106432
0.108140
0.099558
0.103525
0.112042
0.103555
0.104488
0.109546
0.111039
0.103875
0.108154
0.099914
0.104191
0.102060
0.104895
0.099495
0.101681
0.104550
0.102068
0.113251
0.109147
0.106413
0.100032
0.100778
0.102991
0.102406
0.105556
0.107806
0.107870
0.113061
0.111535
0.106248
0.105440
0.107822
0.109374
0.104751
0.104242
0.103293
0.104492
0.106487
0.104878
0.105368
0.103073
0.102330
0.101643
0.104248
0.112003
0.111342
0.103229
0.105268
0.102223
0.103232
0.100842
0.103301
0.104806
0.105343
0.102755
0.100126
0.103351
0.103784
0.103920
0.103653
0.104028
0.098967
0.102557
0.112244
0.106781
0.103811
0.103456
0.103885
0.102643
0.103980
0.102507
0.114843
0.108276
0.112297
0.106023
0.106837
0.103240
0.101919
0.100352
0.102832
0.109828
0.115854
0.127284
0.107793
0.105693
0.109704
0.105724
0.103754
0.107759
0.101822
0.106556
0.104160
0.102923
0.104686
0.102233
0.103715
0.107043
0.104196
0.106561
0.109998
0.102763
0.105741
0.101917
0.100452
0.106135
0.110388
0.107037
0.105840
0.106443
0.103115
0.101582
0.104967
0.102940
0.104166
0.106373
0.102579
0.101646
0.114843
0.102987
0.109496
0.102820
0.104592
0.104339
0.102050
0.105790
0.104353
0.107130
0.113817
0.103345
0.105105
0.104454
0.111248
0.105283
0.107457
0.105804
0.105345
0.103184
0.113136
0.108387
0.107359
0.107135
0.104774
0.103981
0.101422
0.104858
0.109016
0.103837
0.102180
0.104747
0.105917
0.106848
0.105148
0.105936
0.105728
0.105986
0.105092
0.102374
0.100562
0.104173
0.103116
0.108265
0.110926
0.103766
0.102237
0.110816
0.110773
0.103686
0.107108
0.104009
0.101732
0.101431
0.100906
0.103488
0.110080
0.103877
0.105596
0.107703
0.103376
0.106981
0.103924
0.105735
0.103006
0.108418
0.115960
0.102860
0.106878
0.104450
0.100332
0.104336
0.104079
0.101303
0.113336
0.107098
0.107548
0.108163
0.109833
0.113310
0.110210
0.104108
0.100740
0.104279
0.105515
